
strategic_region={
	id=104
	name="STRATEGICREGION_104"
	provinces={
		13 25 26 27 30 34 48 54 68 70 102 127 130 134 135 147 150 174 179 184 186 187 188 192 199 205 217 226 234 245 248 261 266 267 269 294 319 321 352 357 359 370 384 408 412 439 450 454 465 471 473 484 503 513 529 532 537 551 554 599 601 607 611 619 631 651 668 669 673 677 679 689 694 702 715 719 720 736 784 821 825 869 888 892 894 896 900 903 921 927 932 947 960 963 968 986 988 997 1029 1035 1040 1098 1121 1125 1159 1221 1248 1254 1256 1268 1275 1299 1316 1328 1337 1353 1378 1380 1390 1398 1437 1492 1495 1497 1501 1519 1520 1523 1530 1541 1549 1550 1559 1578 1585 1588 1600 1607 1617 1621 1635 1650 1658 1662 1677 1682 1690 1726 1737 1748 1754 1771 1778 1780 1783 1792 1794 1810 1819 1822 1838 1857 1869 1876 1880 1914 1918 1945 1959 1975 1977 1983 2010 2019 2021 2031 2053 2071 2114 2123 2137 2140 2167 2182 2183 2185 2203 2228 2229 2238 2247 2254 2337 2357 2373 2378 2403 2424 2426 2447 2450 2451 2476 2479 2509 2514 2536 2547 2551 2561 2569 2624 2655 2666 2674 2697 2703 2725 2734 2756 2818 2831 2833 2850 2858 2861 2866 2878 2954 2964 3004 3029 3088 3115 3148 3152 3167 3232 3243 3257 3261 3276 3279 3313 3368 3400 3401 3461 3472 3473 3486 3497 3508 3528 3606 3612 3629 3657 3682 3695 3716 3723 3754 3782 3809 3827 3857 3882 3904 3958 3991 4028 4034 4047 4066 4069 4080 4127 4137 4161 4226 4246 4253 4260 4262 4263 4284 4289 4300 4374 4404 4409 4416 4427 4432 4435 4508 4536 4575 4614 4615 4630 4666 4681 4784 4807 4808 4818 4836 4889 4903 4925 4975 4986 5037 5047 5145 5169 5197 5240 5299 5317 5321 5335 5354 5419 5445 5489 5498 5505 5539 5546 5573 5620 5691 5732 5742 5752 5806 5821 5838 5855 5958 6002 6014 6023 6031 6032 6082 6103 6137 6205 6297 6307 6351 6368 6383 6390 6407 6440 6463 6562 6567 6596 6609 6634 6660 6661 6665 6691 6723 6735 6736 6762 6783 6808 6824 6831 6897 6914 6943 6944 6947 6948 6949 6950 6951 6956 6959 6960 6962 6966 6979 6980 6984 6986 6988 6993 6995 7002 7005 7008 7010 7013 7015 7017 7018 7019 7022 7025 7027 7030 7031 7032 7036 7037 7038 7039 7040 7041 7043 7057 7059 7067 7069 7080 7086 7089 7092 7093 7103 7112 7115 7121 7126 7127 7129 7133 7135 7149 7154 7155 7166 7185 7195 7199 7221 7225 7234 7262 7263 7303 7313 7327 7343 7356 7367 7372 7384 7393 11966 12707 12718 12738 12739 12740 12743 
	}
	weather={
	}
}
