
strategic_region={
	id=126
	name="STRATEGICREGION_126"
	provinces={
		92 171 823 962 1009 1467 1526 1576 1612 1736 1950 2070 2111 2115 2712 2727 3047 3132 3142 3744 4032 4181 4283 4298 4389 4448 4449 4534 4584 4617 4898 4905 4994 5246 5292 5407 5427 5428 5619 5756 5964 6160 6170 6218 6279 6298 6376 6415 6420 6438 6441 6459 6561 6636 6872 6893 7855 7876 7884 7908 7920 7926 7941 7944 7946 7949 7959 7969 7971 7992 7997 7999 8006 8007 8008 8010 8011 8033 8039 8044 8055 8060 8075 8089 8115 8130 8140 8154 8159 8172 8173 8178 8187 8204 8218 8249 
	}
	weather={
	}
}
