
strategic_region={
	id=129
	name="STRATEGICREGION_129"
	provinces={
		447 569 979 1011 1116 1127 1136 1292 1298 1447 1456 1469 1616 1693 1798 1820 1879 2078 2308 2393 2540 2625 2681 3001 3140 3174 3186 3405 3424 3487 3501 3613 3615 4020 4084 4113 4299 4307 4556 4626 4649 4689 4811 4849 5001 5003 5035 5043 5044 5077 5085 5093 5121 5126 5151 5274 5346 5352 5487 5518 5606 5616 5743 5853 5858 5909 6028 6088 6130 6225 6231 6234 6263 6284 6286 6350 6382 6465 6475 6497 6560 6590 6726 6804 6821 6848 6853 6920 8753 8754 8768 8785 8786 8794 8797 8818 8819 8827 8848 8853 8865 8867 8871 8875 8879 8880 8881 8887 8891 8894 8905 8906 8910 8918 8921 8924 8925 8934 8943 8944 8951 8956 8957 8961 8973 8979 8982 8987 8997 8998 9005 9012 9013 9020 9024 9030 9031 9035 9045 9070 9115 
	}
	weather={
	}
}
