
strategic_region={
	id=14
	name="STRATEGICREGION_14"
	provinces={
		42 123 125 137 260 422 424 453 494 504 511 540 634 645 698 706 714 816 848 864 883 1026 1083 1096 1107 1163 1174 1176 1183 1249 1272 1290 1331 1340 1351 1369 1372 1426 1473 1573 1656 1709 1738 1775 1839 1843 1856 1890 1891 2038 2052 2091 2112 2144 2168 2313 2352 2374 2428 2465 2490 2492 2520 2597 2602 2643 2651 2677 2776 2890 2951 2997 3028 3075 3161 3164 3223 3353 3354 3441 3515 3562 3600 3641 3644 3694 3837 3894 3925 3983 4016 4046 4114 4141 4143 4194 4215 4378 4397 4428 4502 4506 4598 4678 4789 4793 4968 5109 5120 5160 5166 5210 5243 5298 5378 5450 5454 5479 5524 5607 5656 5680 5760 5765 5788 5791 5847 6067 6095 6354 6377 6416 6548 7792 7864 7877 7928 7989 7993 8009 8131 8146 8163 8164 8179 8200 8201 8213 8219 8225 8237 8240 8274 8314 8320 8330 8335 8362 8370 8379 8403 8409 8428 8440 8500 8512 8523 8536 8558 8592 8599 8631 8632 8641 8648 8715 8728 
	}
	weather={
	}
}
