
strategic_region={
	id=147
	name="STRATEGICREGION_147"
	provinces={
		10414 10465 10504 10509 10526 10543 10556 10620 10668 10703 10717 10728 10748 10753 10761 10763 10765 10788 10840 10858 10868 10899 10918 10955 10963 10977 11101 11111 11113 11137 11174 11188 11262 11283 11305 11343 11366 11418 11430 11484 11494 11540 11637 11639 11665 11683 11746 11753 11760 11789 11821 11850 11866 11890 11892 11904 11914 11970 11982 12002 12050 12055 12069 12074 12085 12113 12146 12154 12190 12199 12226 12265 12273 12275 12288 12331 12334 12502 12518 12526 12532 12548 12561 12563 12567 12571 12591 12597 12601 12606 12607 
	}
	weather={
	}
}
