strategic_region={
	id=149
	name="STRATEGICREGION_149"
	provinces={
		10373 10374 10376 10379 10387 10390 10392 10406 10413 10415 10431 10434 10437 10446 10451 10461 10463 10474 10498 10523 10529 10535 10542 10546 10549 10559 10560 10564 10567 10581 10603 10609 10614 10616 10626 10628 10633 10648 10658 10661 10669 10681 10683 10701 10707 10709 10724 10727 10754 10755 10778 10789 10796 10799 10809 10818 10821 10871 10873 10914 10929 10930 10937 10945 10951 10959 10972 10988 11012 11019 11025 11026 11027 11034 11051 11068 11074 11083 11087 11088 11124 11126 11164 11201 11204 11218 11234 11235 11238 11265 11267 11269 11271 11279 11284 11291 11292 11293 11299 11311 11321 11323 11344 11357 11409 11446 11447 11457 11463 11488 11492 11506 11507 11509 11539 11547 11575 11583 11595 11607 11630 11638 11641 11647 11661 11666 11674 11692 11714 11721 11724 11738 11744 11771 11775 11809 11825 11827 11844 11846 11876 11922 11934 11965 11994 12010 12068 12077 12092 12101 12102 12106 12109 12115 12128 12129 12131 12138 12148 12186 12207 12228 12259 12270 12291 12325 12335 12343 12487 12493 12495 12497 12499 12500 12512 12513 12517 12522 12527 12529 12531 12539 12540 12546 12547 12559 12565 12570 12572 12593 
	}
	naval_terrain=water_deep_ocean
	weather={
	}
}
