
strategic_region={
	id=18
	name="STRATEGICREGION_18"
	provinces={
		4 46 91 113 139 141 242 243 265 309 310 318 326 327 330 334 354 365 383 558 606 626 658 778 781 818 852 897 1006 1051 1073 1085 1128 1153 1175 1193 1218 1307 1310 1311 1382 1421 1445 1486 1575 1664 1688 1703 1742 1788 1854 1878 1893 2047 2096 2189 2284 2304 2389 2462 2478 2517 2543 2579 2616 2774 2790 2822 2847 2902 2995 3224 3263 3298 3328 3346 3432 3458 3463 3499 3607 3642 3664 3759 3796 3940 4053 4344 4358 4590 4697 4721 4815 4837 4912 4969 5023 5042 5156 5379 5383 5422 5603 5644 5796 5951 5981 5992 6059 6169 6651 6682 6902 7306 7307 7317 7332 7342 7344 7348 7359 7360 7369 7377 7387 7431 7441 7451 7468 7476 7480 7500 7519 7520 7527 7577 7717 7801 7843 7866 
	}
	weather={
	}
}
