strategic_region={
	id=180
	name="STRATEGICREGION_180"
	provinces={
		10359 10371 10419 10427 10436 10439 10444 10462 10471 10478 10485 10496 10538 10544 10555 10561 10568 10577 10585 10611 10613 10619 10632 10638 10647 10650 10652 10663 10673 10674 10675 10706 10736 10738 10747 10758 10766 10783 10811 10835 10839 10853 10857 10872 10882 10890 10892 10897 10904 10921 10926 10936 10944 10961 10971 10991 11000 11011 11022 11040 11044 11055 11073 11075 11082 11093 11133 11136 11138 11144 11146 11155 11165 11186 11194 11195 11216 11221 11229 11230 11237 11242 11243 11251 11252 11258 11270 11273 11278 11306 11310 11315 11350 11361 11362 11365 11368 11378 11400 11401 11404 11408 11412 11434 11440 11441 11458 11462 11469 11476 11500 11505 11515 11517 11525 11533 11562 11569 11580 11586 11611 11612 11657 11663 11673 11681 11694 11702 11725 11728 11747 11749 11756 11804 11824 11831 11863 11869 11883 11919 11938 11948 11953 11961 11990 12052 12054 12059 12060 12070 12104 12114 12121 12134 12139 12155 12162 12175 12177 12183 12208 12247 12263 12268 12283 12292 12294 12298 12344 12498 12503 12504 12505 12507 12508 12510 12515 12520 12523 12524 12536 12537 12538 12544 12549 12552 12558 12578 12579 
	}
	naval_terrain=water_deep_ocean
	weather={
	}
}
