strategic_region={
	id=181
	name="STRATEGICREGION_181"
	provinces={
		10370 10391 10425 10443 10448 10477 10482 10502 10524 10622 10660 10775 10791 10804 10831 10852 10865 10931 10973 11014 11028 11078 11081 11085 11112 11156 11158 11168 11171 11176 11181 11185 11192 11220 11268 11274 11313 11380 11382 11397 11464 11478 11491 11516 11558 11581 11596 11636 11679 11691 11710 11722 11752 11777 11796 11801 11854 11880 11929 11983 11986 12091 12123 12124 12149 12156 12200 12260 12306 12312 12402 12459 12466 12467 12475 12476 12485 12490 12492 12514 12528 
	}
	naval_terrain=water_deep_ocean
	weather={
	}
}
