strategic_region={
	id=186
	name="STRATEGICREGION_186"
	provinces={
		10365 10369 10383 10384 10386 10422 10424 10449 10479 10503 10518 10583 10594 10677 10691 10695 10705 10731 10732 10782 10834 10860 10867 10874 10901 10975 10994 11005 11079 11086 11131 11148 11157 11161 11182 11236 11241 11257 11281 11360 11371 11413 11416 11423 11452 11487 11521 11530 11557 11567 11614 11626 11689 11791 11818 11885 11894 11927 12019 12044 12075 12089 12093 12116 12126 12127 12141 12164 12166 12181 12184 12189 12297 12313 12337 12340 12461 12465 12479 12481 12484 12491 
	}
	naval_terrain=water_deep_ocean
	weather={
	}
}
