strategic_region={
	id=187
	name="STRATEGICREGION_187"
	provinces={
		10385 10394 10409 10421 10430 10442 10508 10525 10528 10530 10541 10572 10579 10582 10590 10605 10639 10641 10655 10764 10769 10773 10774 10776 10797 10801 10803 10810 10824 10863 10905 10910 10911 10946 10962 10964 10966 10995 11039 11046 11060 11064 11072 11150 11167 11190 11196 11209 11249 11256 11263 11275 11280 11289 11322 11328 11377 11381 11383 11399 11405 11421 11443 11445 11451 11475 11511 11522 11531 11545 11548 11570 11573 11627 11635 11656 11671 11677 11799 11802 11803 11847 11851 11874 11896 11900 11987 11989 11995 11999 12020 12025 12026 12029 12033 12036 12080 12081 12163 12211 12215 12230 12240 12244 12256 12307 12314 12315 12342 12426 12430 12437 12440 12441 12442 12446 12448 12452 12455 12457 12458 12460 12468 
	}
	naval_terrain=water_deep_ocean
	weather={
	}
}
