
strategic_region={
	id=19
	name="STRATEGICREGION_19"
	provinces={
		12 14 17 100 160 178 190 191 211 237 264 285 312 343 364 373 411 432 480 510 515 525 544 573 624 790 808 847 878 922 946 950 958 981 993 999 1003 1008 1015 1080 1091 1162 1181 1186 1195 1205 1283 1308 1370 1381 1435 1438 1463 1493 1503 1515 1560 1584 1594 1730 1772 1802 1812 1830 1882 1884 1886 1957 1964 1991 2065 2079 2127 2152 2198 2236 2372 2391 2423 2435 2438 2467 2497 2539 2612 2658 2662 2724 2766 2785 2811 2883 2984 2986 3036 3103 3157 3196 3209 3213 3250 3266 3274 3306 3404 3428 3439 3447 3484 3531 3582 3702 3755 3778 3830 3833 3867 3881 4036 4108 4248 4275 4290 4293 4317 4672 4688 4728 4741 4843 4844 4915 4920 5020 5090 5122 5127 5296 5308 5409 5552 5692 5697 5795 5842 5868 5945 6053 6126 6167 6202 6282 6319 6391 6417 6489 6510 6563 6693 6738 6806 6807 6822 6932 6953 6963 6967 6971 6974 6975 6985 6989 7003 7033 7034 7044 7053 7061 7062 7085 7091 7095 7104 7106 7107 7113 7114 7132 7136 7145 7147 7152 7153 7156 7159 7161 7162 7168 7179 7190 11559 11836 
	}
	weather={
	}
}
