
strategic_region={
	id=20
	name="STRATEGICREGION_20"
	provinces={
		1 9 15 37 45 61 67 77 81 82 89 93 101 108 114 116 144 146 149 168 181 183 203 207 208 214 229 235 238 239 244 246 268 274 297 305 361 392 395 414 417 425 431 457 461 477 482 491 495 533 549 555 557 588 604 630 636 637 642 644 650 652 657 667 676 678 691 728 733 739 743 766 771 810 831 836 841 850 854 865 872 876 890 895 901 907 919 928 933 935 939 955 965 975 982 990 994 1017 1024 1032 1034 1067 1069 1103 1113 1141 1142 1147 1172 1178 1199 1225 1235 1236 1237 1240 1251 1271 1278 1279 1293 1345 1348 1355 1360 1368 1401 1407 1411 1452 1458 1476 1488 1500 1509 1513 1543 1553 1554 1556 1574 1586 1596 1597 1599 1637 1655 1687 1698 1702 1717 1727 1774 1776 1790 1803 1814 1816 1835 1866 1868 1883 1900 1913 1922 1928 1932 1939 1947 1948 1972 1978 1981 1988 2013 2018 2023 2024 2032 2035 2095 2103 2104 2105 2155 2169 2176 2196 2208 2216 2225 2227 2231 2243 2244 2292 2302 2306 2316 2321 2326 2343 2380 2392 2397 2401 2406 2427 2436 2442 2444 2448 2452 2473 2488 2489 2494 2496 2502 2503 2511 2532 2537 2542 2548 2580 2582 2608 2613 2628 2639 2673 2694 2710 2722 2729 2730 2743 2753 2778 2781 2789 2796 2801 2837 2853 2876 2880 2887 2901 2915 2916 2925 2933 2944 2967 2990 2993 2994 3021 3037 3051 3060 3065 3070 3083 3098 3125 3151 3156 3175 3181 3188 3190 3191 3204 3210 3216 3230 3238 3239 3247 3252 3264 3281 3293 3310 3312 3322 3323 3325 3347 3356 3361 3373 3425 3427 3431 3507 3516 3536 3553 3555 3566 3610 3618 3623 3628 3660 3666 3668 3673 3683 3686 3690 3699 3718 3720 3747 3764 3783 3799 3807 3818 3822 3834 3836 3847 3851 3885 3888 3900 3903 3905 3912 3930 3938 3943 3947 3949 3950 3956 3981 4001 4004 4007 4012 4013 4051 4059 4067 4076 4100 4101 4112 4115 4119 4123 4146 4163 4187 4189 4191 4213 4224 4228 4233 4288 4301 4305 4314 4316 4318 4340 4345 4368 4376 4379 4394 4411 4425 4441 4465 4509 4517 4529 4532 4558 4568 4570 4601 4607 4619 4620 4629 4635 4639 4647 4651 4686 4696 4704 4707 4729 4735 4742 4750 4760 4772 4825 4831 4838 4840 4870 4888 4906 4928 4929 4930 4933 4934 4939 4941 4949 4950 4966 4974 4985 5005 5013 5025 5036 5038 5064 5070 5084 5086 5097 5125 5147 5153 5159 5171 5174 5178 5182 5184 5194 5196 5207 5255 5264 5265 5267 5304 5319 5327 5333 5340 5341 5388 5391 5399 5402 5430 5435 5446 5451 5460 5468 5472 5475 5506 5507 5515 5533 5537 5540 5541 5553 5576 5582 5617 5618 5629 5630 5653 5660 5671 5675 5686 5705 5708 5723 5761 5763 5766 5782 5792 5794 5805 5808 5811 5822 5870 5872 5875 5893 5906 5918 5929 5930 5938 5939 5978 6019 6020 6034 6052 6056 6058 6074 6075 6080 6092 6105 6112 6113 6128 6131 6135 6140 6145 6150 6161 6173 6192 6210 6213 6250 6343 6352 6372 6394 6400 6402 6448 6482 6484 6487 6491 6517 6527 6536 6582 6595 6628 6630 6632 6664 6672 6701 6725 6740 6761 6784 6795 6796 6830 6839 6866 6882 6888 6908 6927 9288 9323 9352 9355 9363 9379 9395 9406 9419 9422 9436 9451 9463 9523 9528 9539 9556 9570 9579 9597 9600 9614 9629 9634 9639 9640 9643 9646 9653 9657 9658 9662 9669 9676 9686 9698 9709 9713 9723 9739 9765 9766 9787 9812 9816 9820 9823 9830 9831 9845 9872 9873 9878 9889 9893 9899 9906 9908 9909 9910 9919 9920 9922 9927 9928 9929 9930 9937 9938 9940 9942 9944 9946 9948 9953 9954 9957 9958 9960 9964 9970 9971 9972 9973 9974 9975 9979 9982 9983 9984 9988 9989 9991 9992 9994 9999 10001 10003 10005 10007 10009 10010 10013 10014 10016 10017 10023 10024 10026 10030 10035 10036 10040 10044 10045 10046 10047 10048 10050 10051 10054 10055 10056 10057 10058 10059 10060 10061 10062 10063 10065 10066 10067 10068 10069 10070 10072 10073 10074 10076 10078 10080 10081 10082 10083 10084 10085 10086 10087 10088 10089 10090 10091 10092 10093 10094 10095 10096 10097 10098 10099 10100 10101 10102 10103 10104 10105 10106 10107 10108 10109 10110 10111 10112 10113 10114 10115 10116 10117 10118 10119 10120 10121 10122 10123 10124 10125 10126 10127 10128 10129 10130 10131 10132 10133 10134 10135 10136 10137 10140 10141 10142 10143 10144 10146 10147 10151 10152 10153 10156 10158 10161 10164 10165 10167 10168 10169 10170 10171 10173 10176 10177 10179 10181 10182 10183 10187 10191 10192 10193 10194 10196 10198 10199 10207 10209 
	}
	weather={
	}
}
