
strategic_region={
	id=22
	name="STRATEGICREGION_22"
	provinces={
		32 277 376 420 517 578 653 762 799 806 954 991 1336 1537 1579 1610 1620 1672 1708 2004 2042 2067 2735 2787 2825 2870 2963 2980 3295 3304 3595 3918 4258 4399 4454 4740 4787 4860 4946 4955 5000 5026 5214 5290 5356 5412 5826 6100 6322 6425 6483 6911 8746 8798 8808 8821 8884 8899 8901 8912 8960 8962 8966 8983 8991 9001 9014 9016 9017 9022 9026 9044 9050 9055 9071 9081 9082 9087 9100 9107 9108 9135 9220 9238 9348 
	}
	weather={
	}
}
