
strategic_region={
	id=31
	name="STRATEGICREGION_31"
	provinces={
		18 23 43 56 85 111 136 143 167 193 227 301 304 331 341 369 407 413 437 440 488 516 550 583 647 662 666 688 711 725 767 788 877 923 977 996 1004 1037 1049 1055 1123 1124 1138 1148 1166 1210 1232 1261 1357 1409 1412 1443 1540 1624 1713 1765 1805 1861 1910 1912 1955 2009 2165 2207 2295 2298 2328 2330 2345 2367 2375 2387 2394 2408 2472 2702 2783 2788 2863 2882 2923 2975 3015 3172 3220 3226 3420 3576 3626 3638 3649 3784 3806 3846 3980 4088 4140 4177 4311 4327 4407 4408 4453 4512 4516 4573 4600 4782 4800 5095 5099 5140 5161 5205 5266 5336 5423 5696 5714 5880 5923 5985 6063 6182 6369 6386 6794 6834 6873 7009 7023 7035 7047 7051 7056 7064 7065 7088 7101 7111 7122 7134 7141 7160 7164 7180 7189 7213 7226 7253 7268 12742 
	}
	weather={
	}
}
