
strategic_region={
	id=34
	name="STRATEGICREGION_34"
	provinces={
		51 95 99 131 223 405 434 474 545 596 635 721 768 845 871 931 1068 1203 1387 1403 1430 1450 1782 1952 1996 2002 2026 2090 2199 2382 2508 2519 2644 2737 2744 2810 2998 3076 3139 3143 3149 3159 3212 3358 3367 3635 3659 3725 3775 3859 4294 4337 4477 4819 4979 5094 5203 5621 5797 5851 5953 5956 6045 6072 6333 6879 6909 8281 8302 8327 8331 8345 8357 8380 8571 8587 8602 8608 8610 8629 8655 8672 8682 8699 8731 8757 8780 8823 8851 8935 8950 9173 9292 
	}
	weather={
	}
}
