
strategic_region={
	id=39
	name="STRATEGICREGION_39"
	provinces={
		255 325 523 548 562 628 681 730 858 884 906 1130 1265 1522 1548 1558 1630 1669 1747 1799 2066 2235 2249 2322 2376 2400 2431 2604 2769 2958 2976 2988 3000 3503 3598 3605 3630 3712 3856 3861 3939 3995 4109 4175 4234 4267 4414 4552 4606 4865 4894 5092 5307 5628 5781 5913 5940 5952 5991 6036 6326 6434 6842 6894 9429 9441 9461 9465 9479 9491 9506 9520 9525 9526 9540 9553 9568 9576 9581 9582 9613 9632 9672 9687 9689 9731 9781 9804 9817 9850 9874 9901 9941 9945 
	}
	weather={
	}
}
