
strategic_region={
	id=4
	name="STRATEGICREGION_4"
	provinces={
		2 216 228 231 290 380 381 455 507 660 773 815 957 983 987 995 1053 1057 1327 1518 1591 1602 1725 1818 1943 1973 2141 2398 2549 2550 2864 3136 3180 3199 3333 3365 3402 3444 3464 3485 3558 3622 3703 3934 3971 4052 4328 4557 4611 4646 4970 5014 5132 5193 5223 5313 5469 5767 5867 5927 5966 5987 6235 6248 6565 6653 6711 6722 6753 6775 6837 6869 6880 7172 7181 7183 7188 7211 7227 7242 7243 7244 7248 7256 7261 7264 7271 7272 7278 7283 7291 7302 7311 7316 7321 7325 7349 7350 
	}
	weather={
	}
}
