
strategic_region={
	id=44
	name="STRATEGICREGION_44"
	provinces={
		80 110 122 416 534 546 641 902 1059 1374 1436 1487 1631 1716 1770 1800 1801 1823 1968 1994 2060 2128 2202 2209 2261 2262 2483 2982 3351 3359 3437 3446 3460 3650 3677 3797 3866 3999 4056 4135 4154 4179 4269 4530 4625 4765 4814 4852 5152 5232 5364 5484 5513 5551 5556 5721 5750 5768 5824 5854 5905 5960 6025 6061 6078 6179 6195 6215 6237 6270 6272 6346 6411 6429 6433 6435 6498 9393 9414 9415 9426 9442 9445 9446 9457 9464 9471 9485 9486 9490 9500 9501 9505 9507 9517 9527 9541 9543 9548 9554 9565 9577 9587 9604 9608 9618 9620 9655 9667 9681 9708 9737 9749 9751 9752 9756 9767 9770 9775 9776 9782 9790 9791 9796 9805 9813 9822 9829 9835 9836 9837 9843 9846 9851 9856 9871 
	}
	weather={
	}
}
