
strategic_region={
	id=48
	name="STRATEGICREGION_48"
	provinces={
		88 128 164 175 257 363 435 470 485 586 659 840 918 972 1071 1185 1255 1259 1262 1276 1291 1373 1410 1419 1431 1499 1508 1590 1654 1786 2036 2072 2119 2204 2246 2252 2255 2323 2379 2410 2510 2544 2583 2595 2634 2637 2678 2889 2896 2914 2981 3046 3135 3225 3319 3370 3375 3530 3652 3674 3679 3736 3743 3819 3959 4070 4093 4152 4220 4244 4354 4357 4383 4429 4594 4775 4776 4813 4828 4901 4940 4947 5006 5212 5235 5269 5310 5440 5631 5775 6069 6081 6142 6406 6509 6564 6724 6733 6767 6876 7314 7338 7353 7382 7396 7400 7412 7432 7495 7501 7508 7512 7521 7532 7539 7542 7547 7561 7563 7604 7609 7637 7638 7668 7673 7676 7690 7723 7726 7746 7776 7827 7837 7857 7875 7906 7917 
	}
	weather={
	}
}
