
strategic_region={
	id=59
	name="STRATEGICREGION_59"
	provinces={
		29 33 50 105 118 145 291 293 335 350 526 759 804 970 1131 1170 1391 1408 1606 1670 1701 1705 1751 1785 1827 1852 1874 1916 2098 2138 2149 2170 2177 2205 2206 2241 2280 2396 2405 2457 2482 2552 2563 2621 2669 2714 2762 2942 2952 2973 3006 3030 3086 3097 3123 3189 3254 3262 3303 3410 3511 3525 3556 3559 3617 3721 3726 3739 3765 3779 3814 3868 3922 3928 3967 4058 4060 4156 4225 4238 4279 4297 4369 4424 4496 4540 4643 4693 4715 4716 4717 4942 5022 5050 5073 5091 5130 5173 5306 5375 5401 5466 5543 5605 5666 5677 5751 5812 5830 5910 5968 5995 6062 6152 6159 6171 6227 6246 6255 6258 6308 6445 6530 6607 6623 6633 6663 6670 6696 6704 6706 6734 6737 6755 6850 6852 6855 6921 6923 8562 8572 8582 8600 8626 8633 8661 8676 8687 8695 8706 8714 8720 8722 8725 8733 8734 8738 8743 8756 8769 8774 8776 8788 8791 8810 8815 8816 8829 8837 8838 8840 8845 8850 8852 8855 8856 8859 8861 8863 8869 8870 8876 8888 8892 8895 8897 8902 8909 8919 8937 8938 8941 8952 8955 8969 8972 8986 8989 9004 9015 9023 9039 9051 9056 9057 9060 9078 9090 9136 9137 9161 9167 9172 9178 9199 9214 9217 9239 9254 9279 9286 9306 9310 9314 9325 9359 9366 9375 9390 9399 9402 9423 9432 9447 9459 9487 9494 9495 
	}
	weather={
	}
}
