
strategic_region={
	id=68
	name="STRATEGICREGION_68"
	provinces={
		39 44 133 200 315 565 570 683 1094 1152 1247 1330 1627 1653 1681 1719 1872 1970 1992 2069 2336 2456 2588 2598 2685 2794 2808 2855 2922 2961 3022 3129 3198 3491 3512 3561 3570 3704 3786 3801 3820 3906 3988 3996 4025 4065 4074 4087 4103 4164 4222 4287 4336 4443 4510 4528 4719 4755 4851 4897 4989 5002 5045 5083 5096 5324 5344 5441 5465 5527 5642 5700 5725 5730 5871 5943 5946 5975 6054 6311 6486 6535 6538 6635 6705 6800 6818 6844 6895 6900 7465 7469 7496 7503 7507 7514 7522 7534 7540 7543 7556 7557 7564 7570 7584 7586 7601 7608 7622 7623 7624 7649 7650 7653 7684 7691 7700 7701 7702 7711 7715 7728 7733 7741 7750 7770 7777 7793 7797 7811 7818 7826 7838 7845 7851 7878 7897 7899 7900 
	}
	weather={
	}
}
