
strategic_region={
	id=7
	name="STRATEGICREGION_7"
	provinces={
		8 63 270 275 320 362 404 438 483 522 600 633 753 760 764 811 812 817 898 905 944 952 980 1028 1070 1079 1081 1102 1109 1155 1164 1184 1227 1309 1358 1376 1395 1441 1471 1490 1685 1750 1759 1777 1859 1911 2016 2100 2106 2147 2191 2201 2223 2409 2415 2430 2527 2636 2721 2745 2746 2784 2814 2819 2913 3092 3108 3166 3168 3182 3184 3269 3352 3382 3455 3546 3572 3663 3771 3970 4063 4082 4210 4349 4461 4505 4518 4541 4645 4702 4714 4745 4754 4797 4809 4859 4895 4931 5052 5061 5136 5206 5350 5521 5678 5799 5882 6107 6197 6238 6278 6320 6426 6528 6537 6769 7352 7385 7394 7399 7437 7449 7454 7455 7462 7466 7473 7481 7486 7490 7494 7510 7550 7555 7568 7572 7579 7592 7614 7628 7633 7652 7655 7660 7664 7675 7703 7714 7824 7846 7888 
	}
	weather={
	}
}
