
strategic_region={
	id=71
	name="STRATEGICREGION_71"
	provinces={
		78 177 263 538 587 675 853 859 1287 1347 1570 2192 2388 2412 2629 2919 3277 3300 3489 3585 3672 3746 3858 3909 4023 4099 4274 4478 4482 4497 4564 4622 4631 4701 4723 4786 4842 4887 4907 4991 5180 5211 5414 5531 5602 5662 5694 5845 5890 5919 6013 6089 6094 6290 6587 6592 6675 7947 7961 7975 7980 7998 8012 8026 8052 8082 8106 8111 8135 8196 8206 8215 8228 8230 8231 8234 8243 8244 8259 8263 8276 8290 8297 8316 8317 8322 8325 8337 8350 8355 8375 8386 8391 8395 8404 8405 8414 
	}
	weather={
	}
}
