
strategic_region={
	id=72
	name="STRATEGICREGION_72"
	provinces={
		87 224 252 857 1126 1349 1361 1482 1511 1796 1825 2420 2680 2875 2907 3048 3056 3061 3130 3290 3334 3391 3408 3417 3526 3692 3760 3852 4010 4019 4147 4178 4303 4321 4364 4398 4420 4474 4533 4559 4664 4790 4965 4981 4996 5071 5107 5285 5405 5550 5665 5676 5689 5809 5835 5961 6010 6048 6051 6120 6222 6247 6371 6446 6577 6656 6674 6715 6729 6785 6871 6881 8446 8450 8471 8474 8475 8492 8494 8501 8510 8521 8525 8555 8556 8563 8568 8576 8583 8590 8594 8601 8614 8624 8652 8663 8673 8677 8681 8683 8688 8707 8730 8744 8789 8809 
	}
	weather={
	}
}
