
strategic_region={
	id=76
	name="STRATEGICREGION_76"
	provinces={
		155 159 296 506 1334 1898 2040 2124 2274 2381 2445 2793 2802 2821 2943 3126 3147 3222 3537 3614 3865 3946 4064 4249 4257 4410 4582 4662 4671 4853 4880 4890 5031 5117 5217 5228 5231 5241 5278 5338 5386 5432 5438 5492 5613 5770 5894 5914 5965 6017 6042 6110 6252 6253 6276 6464 6513 6572 6580 6641 6649 6786 6812 8016 8029 8046 8049 8053 8059 8061 8073 8078 8087 8090 8091 8096 8116 8137 8177 8202 8221 8255 8264 8275 8288 8291 8292 8307 8326 8356 8363 8368 8372 8376 8387 8400 8416 8417 8434 8435 8447 8463 8464 8467 8481 8495 8503 
	}
	weather={
	}
}
