
strategic_region={
	id=84
	name="STRATEGICREGION_84"
	provinces={
		576 1063 1208 1766 1940 2055 2061 2271 2857 2974 3062 3171 3332 3578 3592 3609 3681 3717 3794 3951 4632 4805 4866 4911 5053 5276 5477 5624 5633 5716 6050 6273 6305 6610 6652 6662 6716 9152 9179 9180 9182 9184 9189 9203 9204 9218 9225 9227 9228 9247 9255 9256 9258 9266 9271 9272 9283 9287 9293 9294 9303 9307 9311 9317 9322 9328 9334 9335 9337 9340 9347 9353 9370 9371 9376 9383 9397 9403 9416 9425 9428 9434 9443 9480 
	}
	weather={
	}
}
