
strategic_region={
	id=90
	name="STRATEGICREGION_90"
	provinces={
		201 682 758 828 942 1072 1333 1405 1433 1545 1587 1615 1659 1870 1909 2034 2080 2353 2603 3093 3096 3271 3396 3474 3654 3738 3803 3808 3825 3891 3992 4139 4157 4212 4229 4371 4439 4551 4579 4732 4914 4922 4961 5111 5131 5247 5347 5392 5411 5453 5462 5567 5574 5646 5679 5840 5921 5947 6168 6193 6194 6217 6283 6299 6321 6339 6387 6392 6424 6470 6473 6508 6526 6571 6576 6578 6644 6655 6688 6689 6846 6861 6918 9308 9326 9345 9351 9354 9362 9384 9386 9404 9405 9410 9412 9431 9449 9450 9452 9454 9462 9468 9472 9476 9478 9481 9488 9489 9492 9499 9504 9511 9512 9515 9529 9535 9547 9551 9559 9567 9573 9592 9596 9602 9605 9607 9617 9621 9627 9628 9630 9636 9641 9642 9649 9664 9670 9674 9677 9682 9683 9691 9692 9701 9702 
	}
	weather={
	}
}
