
strategic_region={
	id=97
	name="STRATEGICREGION_97"
	provinces={
		106 423 563 834 1084 1173 1209 1457 1534 1937 2684 2804 2936 2969 2971 3153 3280 3580 3693 3937 3975 4291 4413 4440 4469 4604 4692 4706 4724 4841 4875 4921 4932 4988 5004 5017 5059 5106 5190 5198 5358 5496 5509 5649 5772 5815 6122 6363 6408 6522 6545 6579 6611 6615 6624 6627 6679 6680 6699 6758 6810 6843 6892 8258 8309 8319 8324 8425 8465 8472 8476 8477 8482 8504 8511 8515 8518 8542 8550 8573 8586 8591 8598 8605 8615 8628 8639 8647 8657 8666 8667 8680 8686 8690 8693 8696 8721 8740 8742 8745 8752 8758 8764 8765 8767 8777 8778 8784 8806 8807 
	}
	weather={
	}
}
