1 101 
1 134 
1 279 
1 302 
1 311 
1 314 
1 319 
1 492 
1 565 
1 585 
1 720 
1 796 
1 832 
1 1117 
1 1127 
1 1239 
1 1250 
1 1269 
1 1277 
1 1601 
1 1980 
1 2080 
1 2087 
1 2133 
1 2270 
1 2274 
1 2362 
1 2573 
1 2607 
1 2851 
1 2884 
1 3111 
1 3178 
1 3214 
1 3256 
1 3344 
1 3410 
1 3413 
1 3471 
1 3532 
1 3640 
1 3738 
1 3745 
1 3923 
1 3984 
1 4015 
1 4045 
1 4239 
1 4306 
1 4355 
1 4380 
1 4533 
1 4549 
1 4578 
1 4584 
1 4854 
1 5082 
1 5117 
1 5151 
1 5208 
1 5221 
1 5376 
1 5549 
1 5606 
1 5645 
1 5925 
1 6004 
1 6066 
1 6156 
1 6166 
1 6229 
1 6234 
1 6247 
1 6310 
1 6387 
1 6466 
1 6468 
1 6500 
1 6513 
1 6599 
1 6624 
1 6673 
1 6687 
1 6727 
1 6853 
1 6863 
1 6896 
1 6905 
1 7228 
1 7293 
1 7341 
1 7408 
1 7450 
1 7571 
1 7630 
1 7632 
1 7642 
1 7677 
1 7698 
1 7724 
1 7803 
1 7849 
1 7885 
1 7987 
1 8054 
1 8057 
1 8073 
1 8076 
1 8077 
1 8197 
1 8246 
1 8307 
1 8323 
1 8390 
1 8457 
1 8582 
1 8671 
1 8847 
1 8949 
1 9133 
1 9188 
1 9204 
1 9226 
1 9370 
1 9430 
1 9468 
1 9550 
1 9913 
1 9976 
1 10145 
