196;0;390.00;10.32;1924.00;0.00;0.76
381;0;491.00;16.50;2031.00;0.00;0.56
598;0;549.00;16.57;1357.00;0.00;0.40
656;0;375.00;10.00;2031.00;0.00;0.36
815;0;418.00;10.20;2160.00;0.00;0.40
987;0;693.00;13.52;2077.00;0.00;0.60
991;0;788.00;9.80;920.00;0.00;0.56
995;0;576.00;11.57;1949.00;0.00;0.76
1057;0;566.00;11.57;2049.00;0.00;0.68
1132;0;522.00;9.82;998.00;0.00;0.60
1204;0;476.00;9.80;1244.00;0.00;0.44
1227;0;445.00;15.60;1789.00;0.00;0.80
1283;0;432.00;13.15;2654.00;0.00;1.24
1317;0;378.00;10.75;1274.00;0.00;0.48
1671;0;856.00;13.67;1137.00;0.00;0.84
1672;0;726.00;12.95;1019.00;0.00;0.64
1833;0;838.00;13.85;1107.00;0.00;0.40
1960;0;353.00;10.40;1885.00;0.00;0.40
2043;0;832.00;9.75;846.00;0.00;0.48
2319;0;572.00;13.12;989.00;0.00;0.72
2672;0;603.00;11.52;970.00;0.00;0.60
2871;0;554.00;16.77;1370.00;0.00;0.32
2899;0;345.00;10.17;1909.00;0.00;0.64
3039;0;540.00;11.10;1003.00;0.00;0.80
3136;0;433.00;10.87;2120.00;0.00;0.64
3154;0;443.00;9.90;1168.00;0.00;0.52
3244;0;848.00;15.97;1070.00;0.00;0.68
3295;0;714.00;12.50;926.00;0.00;0.44
3342;0;333.00;10.35;1783.00;0.00;0.64
3349;0;396.00;11.02;1231.00;0.00;0.52
3485;0;713.00;13.40;2075.00;0.00;0.40
3622;0;569.00;12.62;1975.00;0.00;0.72
3631;0;369.00;11.02;1807.00;0.00;0.52
3636;0;417.00;10.50;2066.00;0.00;0.60
3703;0;642.00;11.65;1967.00;0.00;0.88
3844;0;555.00;10.20;1169.00;0.00;0.52
3934;0;521.00;13.37;2067.00;0.00;0.80
3984;0;547.00;18.72;1388.00;0.00;0.52
4030;0;296.00;11.55;1525.00;0.00;1.00
4131;0;428.00;10.17;1374.00;0.00;0.40
4174;0;347.00;12.12;1627.00;0.00;0.48
4352;0;326.00;10.80;2153.00;0.00;0.60
4468;0;547.00;17.00;1412.00;0.00;0.52
4555;0;385.00;12.30;1784.00;0.00;0.76
4611;0;516.00;12.95;2037.00;0.00;0.60
4646;0;708.00;13.40;2004.00;0.00;0.76
4668;0;567.00;10.15;1159.00;0.00;0.36
4733;0;408.00;10.52;2038.00;0.00;0.52
5014;0;419.00;9.95;2130.00;0.00;0.48
5144;0;438.00;11.95;1144.00;0.00;0.64
5313;0;400.00;9.80;2151.00;0.00;0.32
5326;0;503.00;9.97;1227.00;0.00;0.60
5381;0;530.00;10.00;1183.00;0.00;0.52
5412;0;720.00;14.20;978.00;0.00;0.44
5534;0;336.00;10.97;1708.00;0.00;0.60
5720;0;380.00;14.37;1651.00;0.00;0.80
5897;0;616.00;11.22;1116.00;0.00;0.64
5994;0;867.00;15.25;1050.00;0.00;0.52
6156;0;331.00;11.05;1850.00;0.00;0.64
6177;0;335.00;10.27;1812.00;0.00;0.56
6235;0;512.00;11.17;1985.00;0.00;0.68
6629;0;400.00;10.35;1903.00;0.00;0.36
6683;0;427.00;10.25;1190.00;0.00;0.52
6698;0;830.00;13.90;1133.00;0.00;0.56
6829;0;362.00;10.45;1964.00;0.00;0.60
6845;0;318.00;10.57;1948.00;0.00;0.64
6849;0;432.00;9.80;1327.00;0.00;0.64
7233;0;426.00;10.80;2058.00;0.00;0.44
7239;0;360.00;11.22;2030.00;0.00;0.36
7240;0;392.00;10.10;2040.00;0.00;0.52
7261;0;695.00;12.45;2094.00;0.00;0.44
7272;0;718.00;14.00;2093.00;0.00;0.36
7341;0;364.00;9.97;1899.00;0.00;0.56
7347;0;337.00;11.27;1883.00;0.00;0.40
7361;0;425.00;13.50;1887.00;0.00;0.52
7363;0;347.00;10.22;1871.00;0.00;0.36
7445;0;355.00;10.55;1770.00;0.00;0.48
7454;0;465.00;14.15;1795.00;0.00;0.64
7589;0;288.00;12.00;1583.00;0.00;0.64
7607;0;374.00;16.22;1616.00;0.00;0.52
7942;0;434.00;12.37;1427.00;0.00;0.92
8286;0;454.00;9.80;1281.00;0.00;0.44
8304;0;424.00;11.45;1259.00;0.00;0.36
8374;0;413.00;10.30;1219.00;0.00;0.36
8390;0;425.00;9.80;1220.00;0.00;0.40
8399;0;484.00;9.80;1232.00;0.00;0.28
8427;0;441.00;10.55;1195.00;0.00;0.40
8449;0;508.00;9.87;1210.00;0.00;0.56
8596;0;528.00;10.70;1123.00;0.00;0.80
8609;0;567.00;9.95;1134.00;0.00;0.48
8616;0;582.00;10.20;1133.00;0.00;0.32
8635;0;565.00;10.00;1109.00;0.00;0.56
8746;0;679.00;13.67;1082.00;0.00;0.52
8760;0;816.00;17.17;1110.00;0.00;0.60
8790;0;854.00;13.12;1105.00;0.00;0.52
8824;0;861.00;15.35;1084.00;0.00;0.56
9224;0;1025.00;11.82;924.00;0.00;0.48
196;1;388.50;10.20;1916.50;-0.19;0.76
381;1;485.50;17.50;2028.00;-1.07;0.56
598;1;549.00;16.67;1352.00;0.00;0.40
656;1;373.00;10.00;2028.00;-0.58;0.36
815;1;417.00;10.07;2155.00;-0.19;0.40
987;1;691.50;13.45;2073.00;-0.35;0.60
991;1;788.50;9.80;907.50;0.04;0.56
995;1;565.00;10.40;1939.50;-0.85;0.76
1057;1;564.00;11.50;2043.50;-0.34;0.68
1132;1;526.00;10.97;989.00;0.41;0.60
1204;1;473.50;9.80;1242.00;-0.89;0.44
1227;1;449.50;15.85;1781.00;0.51;0.80
1283;1;425.50;13.10;2639.00;-0.40;1.24
1317;1;374.50;11.30;1270.50;-0.78;0.48
1671;1;853.50;12.85;1128.00;-0.27;0.84
1672;1;727.00;13.75;1008.50;0.09;0.64
1833;1;837.50;14.10;1101.50;-0.09;0.40
1960;1;352.00;10.42;1882.00;-0.32;0.40
2043;1;832.50;9.80;838.50;0.06;0.48
2319;1;576.50;13.40;982.00;0.57;0.72
2672;1;600.50;10.00;965.50;-0.50;0.60
2871;1;557.00;17.05;1367.50;0.87;0.32
2899;1;346.00;10.75;1901.50;0.13;0.64
3039;1;543.00;10.35;992.00;0.26;0.80
3136;1;432.00;10.75;2113.50;-0.15;0.64
3154;1;443.00;9.80;1164.00;0.00;0.52
3244;1;847.50;16.20;1063.50;-0.07;0.68
3295;1;712.00;11.75;921.50;-0.41;0.44
3342;1;326.50;11.40;1773.00;-0.57;0.64
3349;1;398.00;12.00;1224.50;0.29;0.52
3485;1;713.00;13.30;2069.50;0.00;0.40
3622;1;569.50;10.80;1968.50;0.07;0.72
3631;1;372.00;11.25;1801.50;0.49;0.52
3636;1;411.50;9.80;2058.00;-0.60;0.60
3703;1;646.00;11.55;1955.00;0.32;0.88
3844;1;556.00;10.15;1162.00;0.14;0.52
3934;1;521.00;14.60;2059.50;0.00;0.80
3984;1;547.50;17.25;1381.00;0.07;0.52
4030;1;285.00;10.12;1508.00;-0.57;1.00
4131;1;429.00;9.75;1370.00;0.24;0.40
4174;1;345.00;13.27;1617.00;-0.19;0.48
4352;1;333.00;11.40;2149.50;1.10;0.60
4468;1;547.00;17.40;1406.50;0.00;0.52
4555;1;380.00;12.20;1773.50;-0.44;0.76
4611;1;517.00;12.22;2030.00;0.14;0.60
4646;1;706.00;13.05;1997.50;-0.29;0.76
4668;1;565.00;10.10;1154.50;-0.41;0.36
4733;1;409.50;10.90;2033.00;0.29;0.52
5014;1;411.50;10.35;2129.00;-1.43;0.48
5144;1;434.50;15.05;1140.00;-0.71;0.64
5313;1;398.50;10.05;2149.00;-0.64;0.32
5326;1;495.00;9.90;1222.00;-1.01;0.60
5381;1;530.50;10.00;1178.50;0.11;0.52
5412;1;721.50;14.60;970.50;0.19;0.44
5534;1;334.00;11.65;1699.50;-0.23;0.60
5720;1;378.50;12.70;1639.50;-0.13;0.80
5897;1;613.50;10.85;1109.00;-0.34;0.64
5994;1;867.50;14.05;1042.00;0.06;0.52
6156;1;321.50;12.55;1848.00;-1.36;0.64
6177;1;330.00;10.72;1805.00;-0.62;0.56
6235;1;511.00;10.85;1977.00;-0.12;0.68
6629;1;389.50;10.40;1899.50;-1.24;0.36
6683;1;426.50;9.90;1187.50;-0.19;0.52
6698;1;834.00;13.45;1126.00;0.51;0.56
6829;1;360.00;10.10;1959.00;-0.38;0.60
6845;1;318.50;11.05;1943.00;0.10;0.64
6849;1;434.00;9.80;1316.00;0.18;0.64
7233;1;419.50;10.20;2053.50;-0.96;0.44
7239;1;358.00;10.90;2026.00;-0.46;0.36
7240;1;388.50;10.30;2033.50;-0.49;0.52
7261;1;693.50;12.70;2090.50;-0.40;0.44
7272;1;716.50;13.10;2089.50;-0.40;0.36
7341;1;367.50;10.35;1894.00;0.61;0.56
7347;1;337.50;10.30;1873.50;0.05;0.40
7361;1;426.00;15.15;1880.50;0.15;0.52
7363;1;346.50;10.30;1867.00;-0.12;0.36
7445;1;359.00;12.50;1765.50;0.72;0.48
7454;1;468.50;14.50;1786.00;0.37;0.64
7589;1;290.00;11.80;1571.50;0.17;0.64
7607;1;371.50;15.35;1611.00;-0.46;0.52
7942;1;429.00;10.27;1418.00;-0.50;0.92
8286;1;457.00;9.80;1275.50;0.49;0.44
8304;1;424.50;10.90;1254.50;0.11;0.36
8374;1;412.50;11.95;1214.00;-0.10;0.36
8390;1;424.00;9.90;1216.00;-0.24;0.40
8399;1;481.00;9.80;1230.50;-1.10;0.28
8427;1;444.50;11.15;1189.00;0.52;0.40
8449;1;505.00;9.90;1206.00;-0.64;0.56
8596;1;523.50;11.50;1114.50;-0.48;0.80
8609;1;566.50;9.95;1129.00;-0.10;0.48
8616;1;581.00;10.15;1129.00;-0.24;0.32
8635;1;567.00;10.00;1099.50;0.20;0.56
8746;1;679.00;13.80;1077.50;0.00;0.52
8760;1;809.50;14.60;1106.00;-1.01;0.60
8790;1;855.50;12.40;1100.00;0.29;0.52
8824;1;864.00;14.30;1075.50;0.33;0.56
9224;1;1024.50;11.70;918.50;-0.09;0.48
196;2;397.00;11.85;1920.50;1.10;0.76
381;2;494.00;15.90;2025.50;0.49;0.56
598;2;552.00;16.60;1352.50;0.58;0.40
656;2;376.50;10.00;2028.50;0.54;0.36
815;2;424.00;9.95;2158.50;1.32;0.40
987;2;697.50;13.15;2069.00;0.51;0.60
991;2;785.50;9.80;915.50;-0.50;0.56
995;2;571.50;10.55;1942.00;-0.57;0.76
1057;2;574.50;11.60;2044.00;1.03;0.68
1132;2;518.50;9.80;998.50;4.57;0.60
1204;2;478.00;9.80;1240.50;0.51;0.44
1227;2;439.50;19.40;1782.00;-0.66;0.80
1283;2;420.50;13.15;2649.00;-1.16;1.24
1317;2;380.00;10.70;1270.50;0.51;0.48
1671;2;862.50;13.10;1129.00;0.68;0.84
1672;2;724.00;13.37;1011.00;-0.24;0.64
1833;2;841.50;14.10;1097.50;0.35;0.40
1960;2;356.00;10.20;1882.50;0.87;0.40
2043;2;829.50;9.80;838.50;-0.32;0.48
2319;2;580.00;13.20;982.50;0.88;0.72
2672;2;606.50;9.90;965.00;0.61;0.60
2871;2;551.00;17.42;1368.00;-0.98;0.32
2899;2;341.00;11.37;1902.00;-0.51;0.64
3039;2;547.50;10.90;996.50;0.85;0.80
3136;2;427.00;10.20;2116.00;-0.98;0.64
3154;2;448.00;9.90;1162.50;0.73;0.52
3244;2;853.00;14.95;1065.50;0.83;0.68
3295;2;715.50;12.50;922.50;0.40;0.44
3342;2;327.50;10.60;1781.50;-1.30;0.64
3349;2;401.50;10.60;1227.50;1.00;0.52
3485;2;708.50;13.40;2074.50;-1.46;0.40
3622;2;559.50;11.80;1970.00;-1.08;0.72
3631;2;374.50;11.20;1806.50;1.48;0.52
3636;2;418.00;10.55;2063.00;0.32;0.60
3703;2;635.50;11.50;1963.50;-1.07;0.88
3844;2;551.50;10.20;1167.50;-1.16;0.52
3934;2;528.50;13.10;2058.50;0.72;0.80
3984;2;544.00;21.40;1382.00;-0.46;0.52
4030;2;296.00;12.72;1512.00;0.00;1.00
4131;2;425.00;9.82;1370.00;-0.64;0.40
4174;2;349.50;12.40;1621.50;0.42;0.48
4352;2;322.00;11.40;2148.50;-0.72;0.60
4468;2;552.00;16.60;1406.50;0.73;0.52
4555;2;393.50;13.15;1780.00;1.13;0.76
4611;2;511.00;11.90;2027.50;-0.48;0.60
4646;2;714.50;13.60;1994.00;0.57;0.76
4668;2;568.50;10.20;1153.50;0.26;0.36
4733;2;405.00;10.55;2033.00;-0.54;0.52
5014;2;424.50;10.25;2128.00;1.22;0.48
5144;2;443.50;12.30;1139.00;0.83;0.64
5313;2;402.50;9.80;2149.00;0.89;0.32
5326;2;503.00;9.95;1223.00;0.00;0.60
5381;2;536.00;10.00;1179.50;1.04;0.52
5412;2;718.50;14.60;974.00;-0.35;0.44
5534;2;341.50;12.40;1703.50;0.88;0.60
5720;2;369.00;12.65;1643.50;-0.97;0.80
5897;2;622.00;12.95;1113.50;1.17;0.64
5994;2;871.50;13.90;1046.00;0.84;0.52
6156;2;332.00;10.50;1842.50;0.13;0.64
6177;2;334.50;10.30;1804.50;-0.06;0.56
6235;2;518.00;11.20;1986.00;1.73;0.68
6629;2;393.50;10.60;1899.50;-1.07;0.36
6683;2;432.00;9.95;1185.50;0.83;0.52
6698;2;827.50;15.20;1127.50;-0.42;0.56
6829;2;367.00;10.02;1959.00;0.78;0.60
6845;2;309.00;10.85;1941.50;-0.94;0.64
6849;2;438.00;9.80;1314.50;0.44;0.64
7233;2;427.50;11.30;2055.50;0.54;0.44
7239;2;362.00;10.25;2027.00;0.58;0.36
7240;2;391.00;10.30;2034.50;-0.18;0.52
7261;2;687.00;13.17;2093.00;-1.44;0.44
7272;2;721.00;12.85;2089.00;0.64;0.36
7341;2;360.50;9.90;1894.00;-0.61;0.56
7347;2;335.00;11.00;1877.50;-0.34;0.40
7361;2;422.00;13.25;1884.50;-0.87;0.52
7363;2;343.50;9.90;1872.00;4.43;0.36
7445;2;351.50;10.40;1768.50;-1.16;0.48
7454;2;461.50;14.20;1794.00;-1.29;0.64
7589;2;293.00;11.85;1581.50;1.27;0.64
7607;2;383.00;16.00;1611.50;1.10;0.52
7942;2;438.00;12.35;1421.50;0.62;0.92
8286;2;453.00;9.80;1277.50;-0.27;0.44
8304;2;421.50;10.90;1259.50;4.51;0.36
8374;2;414.50;10.85;1214.00;0.29;0.36
8390;2;421.50;9.80;1219.50;-1.42;0.40
8399;2;486.00;9.80;1229.50;0.67;0.28
8427;2;442.00;11.55;1189.00;0.16;0.40
8449;2;511.50;9.90;1204.00;0.52;0.56
8596;2;533.00;10.67;1117.00;0.69;0.80
8609;2;571.00;10.00;1130.00;0.78;0.48
8616;2;584.00;10.15;1130.00;0.58;0.32
8635;2;560.50;10.00;1107.00;-1.15;0.56
8746;2;686.50;13.60;1075.50;0.85;0.52
8760;2;817.00;16.85;1105.00;0.19;0.60
8790;2;849.50;14.05;1105.00;4.71;0.52
8824;2;857.50;14.60;1080.50;-0.78;0.56
9224;2;1028.00;11.70;918.50;0.49;0.48
196;3;380.00;9.95;1918.00;-1.03;0.76
381;3;498.00;14.95;2030.50;1.49;0.56
598;3;547.00;18.97;1354.00;-0.58;0.40
656;3;372.00;10.00;2030.50;-1.40;0.36
815;3;412.50;9.80;2157.50;-1.14;0.40
987;3;698.50;13.10;2075.50;1.30;0.60
991;3;791.00;9.80;914.00;0.46;0.56
995;3;562.50;10.65;1944.00;-1.21;0.76
1057;3;556.00;11.70;2046.50;-1.32;0.68
1132;3;525.00;10.10;999.50;2.03;0.60
1204;3;479.50;9.90;1245.00;1.84;0.44
1227;3;451.50;14.65;1791.00;1.86;0.80
1283;3;438.00;13.10;2647.50;0.74;1.24
1317;3;382.00;10.00;1274.50;1.69;0.48
1671;3;850.00;13.45;1129.50;-0.67;0.84
1672;3;730.50;13.80;1014.50;0.78;0.64
1833;3;841.50;13.45;1106.00;1.29;0.40
1960;3;349.00;10.27;1886.00;4.46;0.40
2043;3;828.00;9.80;844.00;-1.10;0.48
2319;3;568.00;12.00;983.00;-0.58;0.72
2672;3;609.00;10.45;972.50;1.96;0.60
2871;3;557.50;17.40;1371.00;1.84;0.32
2899;3;350.00;9.95;1907.00;1.19;0.64
3039;3;534.00;11.62;1002.00;-1.40;0.80
3136;3;437.50;12.00;2118.00;1.15;0.64
3154;3;448.00;10.75;1167.50;1.47;0.52
3244;3;842.00;16.70;1069.00;-1.40;0.68
3295;3;710.00;11.40;924.00;-1.10;0.44
3342;3;331.50;10.80;1776.00;-0.21;0.64
3349;3;392.50;10.65;1232.00;4.43;0.52
3485;3;718.00;14.37;2075.00;1.57;0.40
3622;3;578.00;10.45;1975.00;1.57;0.72
3631;3;364.00;10.50;1804.50;-1.10;0.52
3636;3;410.00;9.87;2059.00;-0.78;0.60
3703;3;652.50;12.30;1959.00;0.92;0.88
3844;3;558.50;10.00;1167.50;1.16;0.52
3934;3;528.00;10.75;2067.00;1.57;0.80
3984;3;542.00;22.60;1385.50;-1.10;0.52
4030;3;287.00;10.00;1515.00;-0.73;1.00
4131;3;423.50;10.35;1374.00;4.71;0.40
4174;3;342.00;15.35;1623.50;-0.96;0.48
4352;3;318.50;12.90;2154.50;4.51;0.60
4468;3;552.00;16.90;1410.50;1.27;0.52
4555;3;372.50;13.70;1779.00;-1.19;0.76
4611;3;510.50;12.40;2033.50;-1.00;0.60
4646;3;715.00;13.50;2004.50;1.64;0.76
4668;3;570.50;10.20;1155.00;0.71;0.36
4733;3;403.50;10.40;2039.50;4.39;0.52
5014;3;416.50;9.90;2133.50;3.76;0.48
5144;3;445.50;12.45;1148.00;2.06;0.64
5313;3;397.50;9.80;2152.00;4.33;0.32
5326;3;492.50;9.90;1224.00;-1.29;0.60
5381;3;523.50;9.85;1181.00;-1.27;0.52
5412;3;723.00;14.30;975.50;0.87;0.44
5534;3;330.00;10.95;1708.50;4.62;0.60
5720;3;388.00;15.95;1641.50;0.70;0.80
5897;3;608.50;10.60;1115.00;-1.43;0.64
5994;3;862.00;13.72;1048.00;-1.19;0.52
6156;3;339.50;10.10;1843.00;0.88;0.64
6177;3;334.00;10.15;1815.00;3.46;0.56
6235;3;508.50;12.15;1988.00;4.00;0.68
6629;3;402.00;10.50;1900.00;0.58;0.36
6683;3;432.00;10.25;1189.50;1.47;0.52
6698;3;834.50;13.15;1134.00;1.78;0.56
6829;3;346.00;10.95;1962.50;-1.47;0.60
6845;3;315.50;10.00;1951.50;3.76;0.64
6849;3;437.00;9.80;1323.00;0.89;0.64
7233;3;422.50;10.60;2059.00;4.43;0.44
7239;3;356.00;11.75;2029.00;-1.32;0.36
7240;3;387.00;10.15;2036.00;-0.89;0.52
7261;3;701.50;13.00;2091.00;1.13;0.44
7272;3;721.50;13.00;2093.50;1.71;0.36
7341;3;359.50;9.95;1902.00;4.12;0.56
7347;3;338.50;10.45;1878.00;0.29;0.40
7361;3;430.50;15.20;1882.50;0.88;0.52
7363;3;351.00;9.90;1870.50;1.44;0.36
7445;3;357.50;10.50;1772.00;2.24;0.48
7454;3;469.00;14.35;1793.00;1.10;0.64
7589;3;283.50;10.80;1581.50;-1.24;0.64
7607;3;363.00;16.17;1616.00;4.71;0.52
7942;3;425.50;9.90;1421.00;-0.95;0.92
8286;3;459.00;9.80;1278.50;1.10;0.44
8304;3;427.50;11.10;1256.00;0.86;0.36
8374;3;410.50;13.10;1216.50;-0.78;0.36
8390;3;428.50;9.90;1220.50;1.71;0.40
8399;3;487.50;9.90;1233.50;1.97;0.28
8427;3;439.00;11.37;1192.00;-0.58;0.40
8449;3;514.00;9.87;1211.00;1.73;0.56
8596;3;520.50;11.10;1125.50;4.39;0.80
8609;3;562.00;10.00;1134.00;4.71;0.48
8616;3;579.00;10.20;1133.50;4.54;0.32
8635;3;570.50;9.90;1108.50;1.48;0.56
8746;3;686.00;13.30;1081.50;1.49;0.52
8760;3;822.50;16.90;1110.50;1.64;0.60
8790;3;860.50;12.70;1104.50;1.49;0.52
8824;3;866.00;12.10;1078.50;0.73;0.56
9224;3;1021.00;11.70;923.00;-1.32;0.48
196;4;381.50;10.20;1923.50;-1.51;0.76
381;4;485.00;16.57;2035.00;4.12;0.56
598;4;553.00;16.57;1357.00;1.57;0.40
656;4;378.50;9.90;2031.50;1.71;0.36
815;4;410.00;10.00;2160.50;4.65;0.40
987;4;686.00;13.35;2080.00;4.30;0.60
991;4;791.50;10.50;924.00;2.42;0.56
995;4;583.00;10.85;1944.50;0.99;0.76
1057;4;572.00;11.55;2051.50;1.96;0.68
1132;4;518.50;10.60;1010.00;3.42;0.60
1204;4;471.50;9.80;1245.50;4.39;0.44
1227;4;436.50;18.75;1786.00;-1.23;0.80
1283;4;445.50;13.90;2659.50;1.95;1.24
1317;4;376.00;10.85;1276.50;3.81;0.48
1671;4;847.50;13.15;1136.00;-1.45;0.84
1672;4;721.00;13.10;1019.50;4.61;0.64
1833;4;833.50;13.90;1109.00;4.29;0.40
1960;4;358.00;10.00;1883.50;1.27;0.40
2043;4;836.00;9.80;845.00;1.32;0.48
2319;4;563.50;11.50;989.50;4.65;0.72
2672;4;595.50;10.85;973.00;4.33;0.60
2871;4;547.50;19.10;1369.50;-1.49;0.32
2899;4;337.50;12.50;1903.00;-0.89;0.64
3039;4;544.50;12.25;1008.00;2.40;0.80
3136;4;425.00;10.25;2117.50;-1.26;0.64
3154;4;438.00;9.80;1170.00;4.33;0.52
3244;4;851.00;15.80;1073.50;2.43;0.68
3295;4;719.50;13.00;925.00;1.39;0.44
3342;4;338.00;10.27;1781.00;1.19;0.64
3349;4;392.50;10.60;1239.50;3.53;0.52
3485;4;714.00;13.05;2080.50;2.96;0.40
3622;4;560.00;13.50;1976.50;4.54;0.72
3631;4;362.50;11.85;1810.00;4.28;0.52
3636;4;410.00;9.85;2063.00;-1.16;0.60
3703;4;647.50;11.55;1970.00;2.07;0.88
3844;4;558.50;10.20;1173.00;2.42;0.52
3934;4;513.00;13.95;2064.50;-1.26;0.80
3984;4;552.00;17.50;1384.00;0.89;0.52
4030;4;305.50;14.90;1519.50;1.04;1.00
4131;4;433.50;9.80;1374.50;1.66;0.40
4174;4;352.50;13.10;1631.50;2.25;0.48
4352;4;330.00;11.42;2156.00;2.21;0.60
4468;4;542.00;17.70;1410.50;-1.27;0.52
4555;4;366.50;11.20;1785.50;4.63;0.76
4611;4;522.50;13.95;2038.00;1.72;0.60
4646;4;698.00;12.65;2008.00;4.33;0.76
4668;4;569.00;10.30;1161.50;2.46;0.36
4733;4;413.50;10.60;2037.50;1.48;0.52
5014;4;427.50;10.60;2134.00;2.01;0.48
5144;4;440.50;11.10;1152.00;2.83;0.64
5313;4;403.50;9.80;2153.00;2.09;0.32
5326;4;493.00;9.90;1225.50;-1.42;0.60
5381;4;537.50;9.90;1179.50;1.13;0.52
5412;4;716.00;14.65;978.50;4.58;0.44
5534;4;342.00;11.25;1712.50;2.21;0.60
5720;4;388.00;14.30;1651.50;1.63;0.80
5897;4;611.00;10.97;1121.00;3.92;0.64
5994;4;862.50;13.60;1055.50;3.82;0.52
6156;4;340.00;10.10;1848.50;1.40;0.64
6177;4;338.50;10.00;1807.50;0.66;0.56
6235;4;518.50;11.70;1995.50;2.58;0.68
6629;4;410.50;12.60;1900.50;1.33;0.36
6683;4;421.50;10.60;1192.50;4.28;0.52
6698;4;825.00;16.60;1133.50;4.61;0.56
6829;4;354.50;11.45;1965.00;4.58;0.60
6845;4;328.00;11.55;1948.50;1.62;0.64
6849;4;431.00;9.80;1322.00;-0.19;0.64
7233;4;433.50;11.50;2059.50;1.76;0.44
7239;4;364.50;10.00;2030.00;1.57;0.36
7240;4;395.50;10.00;2040.50;1.71;0.52
7261;4;701.50;12.85;2093.00;1.41;0.44
7272;4;713.00;12.90;2092.50;-1.47;0.36
7341;4;369.50;10.00;1901.50;1.99;0.56
7347;4;332.50;12.70;1884.50;4.39;0.40
7361;4;430.00;16.00;1888.50;1.86;0.52
7363;4;349.00;9.90;1875.00;2.67;0.36
7445;4;349.00;11.05;1774.50;4.06;0.48
7454;4;460.00;14.00;1801.50;3.79;0.64
7589;4;282.00;10.25;1591.00;3.78;0.64
7607;4;385.00;16.30;1617.50;1.70;0.52
7942;4;423.50;10.10;1424.00;-1.29;0.92
8286;4;448.00;9.80;1281.50;4.62;0.44
8304;4;427.50;11.75;1259.00;1.57;0.36
8374;4;415.50;10.05;1219.00;1.57;0.36
8390;4;427.00;10.00;1225.00;2.76;0.40
8399;4;482.00;9.80;1234.50;3.81;0.28
8427;4;443.50;10.20;1196.50;2.11;0.40
8449;4;500.50;9.90;1210.50;4.64;0.56
8596;4;538.50;10.30;1125.00;1.75;0.80
8609;4;571.50;10.00;1134.00;1.57;0.48
8616;4;585.00;10.15;1133.00;1.57;0.32
8635;4;559.50;10.00;1116.50;3.77;0.56
8746;4;670.50;18.80;1083.50;4.53;0.52
8760;4;807.00;14.60;1110.00;4.71;0.60
8790;4;858.00;14.15;1109.50;2.41;0.52
8824;4;865.50;12.40;1085.50;1.89;0.56
9224;4;1031.00;11.75;921.50;1.17;0.48
196;5;397.50;11.50;1930.50;2.28;0.76
381;5;491.50;15.05;2037.00;3.05;0.56
598;5;546.00;19.95;1355.00;-0.98;0.40
656;5;374.50;9.90;2034.00;3.30;0.36
815;5;428.00;11.50;2162.00;1.76;0.40
987;5;692.50;13.15;2082.00;3.24;0.60
991;5;781.00;9.90;924.50;4.14;0.56
995;5;590.50;11.90;1951.00;1.70;0.76
1057;5;557.50;12.25;2053.00;4.27;0.68
1204;5;473.50;9.80;1247.50;3.76;0.44
1227;5;437.00;16.62;1791.00;4.46;0.80
1283;5;431.00;14.00;2664.50;3.23;1.24
1317;5;381.00;10.42;1279.00;2.60;0.48
1671;5;863.00;13.90;1140.00;1.97;0.84
1672;5;730.50;13.50;1023.00;2.29;0.64
1833;5;838.00;13.25;1113.00;3.14;0.40
1960;5;355.00;10.00;1887.00;2.35;0.40
2043;5;829.50;9.80;852.50;3.50;0.48
2319;5;579.00;13.85;990.50;1.78;0.72
2672;5;605.00;11.50;975.50;2.79;0.60
2871;5;551.00;17.12;1372.00;4.12;0.32
2899;5;339.50;12.40;1910.50;4.44;0.64
3039;5;535.50;10.75;1013.00;3.56;0.80
3136;5;431.50;10.55;2123.00;3.60;0.64
3154;5;443.50;10.20;1172.50;3.03;0.52
3244;5;843.00;17.65;1074.50;3.98;0.68
3295;5;711.00;11.75;928.00;4.12;0.44
3342;5;340.50;10.30;1785.00;1.83;0.64
3485;5;710.50;13.00;2081.50;3.50;0.40
3622;5;568.50;10.95;1982.00;3.21;0.72
3631;5;367.00;10.65;1812.50;3.49;0.52
3636;5;425.00;10.65;2070.00;2.03;0.60
3703;5;638.00;11.60;1978.00;3.49;0.88
3844;5;562.00;10.15;1172.00;1.97;0.52
3934;5;509.50;13.40;2069.50;4.49;0.80
3984;5;552.00;17.50;1389.50;1.86;0.52
4030;5;288.50;10.60;1524.50;-1.50;1.00
4131;5;428.00;10.75;1377.50;3.14;0.40
4174;5;342.50;13.55;1632.00;3.87;0.48
4352;5;319.50;13.20;2160.50;3.85;0.60
4468;5;542.00;17.55;1417.00;3.92;0.52
4555;5;407.00;12.35;1788.50;1.77;0.76
4611;5;511.50;14.50;2042.50;3.82;0.60
4646;5;707.50;13.10;2011.50;3.20;0.76
4668;5;564.50;10.20;1162.50;3.76;0.36
4733;5;413.50;10.40;2041.50;2.13;0.52
5014;5;433.00;11.15;2133.50;1.81;0.48
5144;5;433.50;10.60;1152.00;3.65;0.64
5326;5;511.00;10.20;1227.50;1.63;0.60
5381;5;538.50;10.00;1181.00;1.34;0.52
5412;5;723.50;14.10;982.00;2.42;0.44
5534;5;335.50;10.80;1716.00;3.20;0.60
5720;5;376.50;13.65;1658.00;3.60;0.80
5897;5;623.50;14.40;1121.50;2.20;0.64
5994;5;869.50;12.80;1056.00;2.74;0.52
6156;5;342.00;9.97;1855.00;1.99;0.64
6177;5;339.00;10.00;1815.50;2.29;0.56
6629;5;387.50;10.20;1903.50;4.67;0.36
6683;5;426.00;11.37;1194.00;3.38;0.52
6698;5;826.00;14.25;1140.50;3.63;0.56
6829;5;369.00;10.87;1965.00;1.71;0.60
6849;5;426.50;9.80;1330.00;4.21;0.64
7233;5;432.50;11.55;2063.00;2.22;0.44
7239;5;362.50;10.00;2032.50;2.35;0.36
7240;5;392.00;10.00;2043.50;3.14;0.52
7261;5;693.50;12.30;2097.00;3.60;0.44
7272;5;717.00;13.25;2096.50;3.42;0.36
7341;5;367.00;10.00;1905.50;2.70;0.56
7347;5;341.00;10.22;1885.00;2.03;0.40
7361;5;418.50;11.90;1890.00;4.28;0.52
7454;5;466.00;13.90;1801.50;2.98;0.64
7589;5;287.00;12.00;1594.00;3.23;0.64
7607;5;375.50;13.05;1622.00;2.89;0.52
7942;5;422.50;10.10;1427.00;4.71;0.92
8286;5;455.50;9.80;1284.00;2.67;0.44
8304;5;424.00;12.70;1263.50;3.14;0.36
8374;5;410.00;10.35;1221.50;4.01;0.36
8427;5;436.50;11.10;1198.50;4.05;0.40
8449;5;505.50;9.90;1214.50;3.64;0.56
8596;5;536.00;10.30;1129.50;2.25;0.80
8609;5;564.50;10.20;1138.50;3.64;0.48
8616;5;582.00;10.10;1137.00;3.14;0.32
8635;5;565.50;10.00;1116.50;3.07;0.56
8746;5;679.50;13.15;1087.00;3.04;0.52
8760;5;813.00;15.95;1113.50;3.85;0.60
8790;5;852.50;13.00;1112.00;3.35;0.52
8824;5;853.00;13.30;1085.50;4.52;0.56
9224;5;1028.00;12.10;926.50;2.26;0.48
196;6;389.50;10.70;1931.50;3.20;0.76
598;6;545.00;20.60;1358.50;4.35;0.40
815;6;415.50;10.30;2163.00;3.83;0.40
991;6;785.00;11.00;926.50;3.57;0.56
995;6;563.00;10.92;1951.00;4.56;0.76
1057;6;563.50;13.50;2057.00;3.44;0.68
1204;6;478.00;9.85;1248.50;2.72;0.44
1227;6;435.00;16.72;1796.00;4.10;0.80
1671;6;850.00;14.50;1145.00;3.78;0.84
1672;6;722.50;12.70;1027.50;3.53;0.64
1833;6;841.00;13.00;1114.50;2.76;0.40
1960;6;350.00;10.35;1889.50;3.73;0.40
2043;6;836.00;9.80;853.00;2.62;0.48
2319;6;572.00;15.80;995.50;3.14;0.72
2672;6;598.50;11.80;975.50;3.82;0.60
2899;6;353.00;10.70;1914.00;2.12;0.64
3039;6;530.00;10.95;1013.00;3.92;0.80
3136;6;440.50;13.90;2125.50;2.20;0.64
3154;6;440.00;10.20;1174.50;3.57;0.52
3295;6;719.50;12.70;927.50;1.83;0.44
3342;6;339.00;10.27;1789.00;2.35;0.64
3622;6;577.50;10.40;1982.00;2.26;0.72
3636;6;416.00;10.10;2069.50;3.42;0.60
3703;6;647.00;12.15;1980.50;2.78;0.88
3844;6;550.00;10.20;1172.50;4.10;0.52
3934;6;516.00;11.45;2072.50;3.87;0.80
3984;6;541.50;22.35;1389.00;4.53;0.52
4030;6;307.00;12.25;1526.00;1.66;1.00
4174;6;347.00;14.65;1635.00;3.14;0.48
4352;6;322.00;13.22;2161.00;3.60;0.60
4468;6;547.50;17.45;1417.00;3.04;0.52
4555;6;371.00;13.00;1788.50;4.40;0.76
4611;6;518.50;15.90;2044.50;2.82;0.60
4733;6;410.50;10.00;2043.50;2.71;0.52
5326;6;495.50;9.90;1227.00;4.71;0.60
5381;6;533.00;10.00;1186.00;2.35;0.52
5412;6;718.00;14.10;982.50;3.56;0.44
5534;6;330.50;10.60;1716.50;3.71;0.60
5720;6;388.00;14.75;1666.50;2.66;0.80
5897;6;617.50;13.50;1122.50;2.91;0.64
5994;6;867.00;12.80;1058.50;3.14;0.52
6156;6;327.50;11.80;1857.50;3.57;0.64
6177;6;342.00;10.00;1822.50;2.55;0.56
6629;6;414.00;12.82;1902.00;1.49;0.36
6698;6;830.50;13.80;1141.50;3.08;0.56
6829;6;357.00;12.15;1969.00;3.92;0.60
6849;6;436.50;9.80;1332.00;2.40;0.64
7239;6;358.50;10.80;2033.00;3.60;0.36
7240;6;397.50;10.25;2046.00;2.40;0.52
7261;6;699.00;13.80;2097.50;2.29;0.44
7341;6;365.50;10.00;1907.00;2.95;0.56
7347;6;337.00;10.62;1889.00;3.14;0.40
7361;6;423.00;13.80;1892.50;3.49;0.52
7942;6;442.50;14.60;1433.00;2.18;0.92
8286;6;463.00;9.80;1281.50;1.62;0.44
8374;6;413.00;9.85;1223.00;3.14;0.36
8427;6;439.50;10.40;1201.50;3.36;0.40
8596;6;529.00;10.70;1131.00;3.01;0.80
8609;6;571.00;10.10;1139.50;2.51;0.48
8746;6;671.50;18.00;1087.00;4.12;0.52
8760;6;820.50;18.50;1116.00;2.49;0.60
8824;6;853.00;13.22;1086.00;4.46;0.56
9224;6;1019.00;12.10;928.50;4.06;0.48
598;7;548.50;16.80;1361.50;3.25;0.40
815;7;424.50;13.90;2163.00;2.00;0.40
995;7;573.00;11.70;1955.50;3.57;0.76
1227;7;441.00;14.72;1798.00;3.56;0.80
1672;7;726.00;13.50;1029.50;3.14;0.64
2899;7;346.00;10.70;1916.00;3.00;0.64
3154;7;443.00;10.45;1175.50;3.14;0.52
3295;7;716.50;12.25;929.00;2.44;0.44
3342;7;333.50;10.65;1790.00;3.07;0.64
3844;7;553.50;10.20;1173.50;3.46;0.52
3934;7;525.50;14.00;2076.50;2.69;0.80
3984;7;542.00;21.90;1393.00;3.92;0.52
4030;7;289.50;11.50;1535.50;3.69;1.00
4555;7;388.00;13.30;1788.00;2.49;0.76
4733;7;407.00;9.87;2044.00;3.30;0.52
5326;7;503.50;10.00;1231.50;3.03;0.60
5381;7;525.50;10.00;1187.00;3.98;0.52
5720;7;385.00;13.50;1670.50;2.89;0.80
6156;7;338.50;10.00;1856.50;2.28;0.64
6629;7;412.00;13.90;1904.50;1.69;0.36
6829;7;363.50;10.30;1969.50;2.87;0.60
6849;7;432.00;9.80;1335.50;3.14;0.64
7261;7;688.50;13.20;2096.00;4.41;0.44
7942;7;432.50;12.10;1433.00;3.38;0.92
8286;7;447.50;9.80;1284.50;4.21;0.44
8374;7;417.00;9.80;1224.00;2.46;0.36
8609;7;568.50;10.20;1141.00;2.93;0.48
8746;7;685.00;13.02;1087.00;2.26;0.52
8824;7;859.00;14.85;1089.50;3.49;0.56
9224;7;1021.50;12.10;929.50;3.70;0.48
995;8;585.50;11.90;1956.00;2.20;0.76
3984;8;547.00;18.75;1394.50;3.14;0.52
4030;8;305.50;11.60;1532.50;2.23;1.00
4555;8;380.00;13.02;1790.00;3.83;0.76
5326;8;512.00;10.10;1232.00;2.07;0.60
6156;8;334.50;10.85;1857.00;2.67;0.64
6629;8;393.50;9.80;1906.00;4.28;0.36
6849;8;427.00;9.80;1339.00;3.53;0.64
8374;8;415.00;9.80;1224.00;2.76;0.36
196;9;383.16;10.06;1924.00;1.57;0.76
381;9;484.52;17.69;2031.00;1.57;0.56
598;9;545.40;20.51;1357.00;1.57;0.40
656;9;371.76;10.00;2031.00;1.57;0.36
815;9;410.80;9.95;2160.00;1.57;0.40
987;9;687.60;13.39;2077.00;1.57;0.60
991;9;782.96;9.85;920.00;1.57;0.56
995;9;565.56;10.91;1949.00;1.57;0.76
1057;9;558.08;11.62;2049.00;1.57;0.68
1132;9;516.60;10.03;998.00;1.57;0.60
1204;9;472.04;9.80;1244.00;1.57;0.44
1227;9;437.44;17.60;1789.00;1.57;0.80
1283;9;420.84;13.23;2654.00;1.57;1.24
1317;9;373.68;10.70;1274.00;1.57;0.48
1671;9;847.36;13.47;1137.00;1.57;0.84
1672;9;720.24;13.18;1019.00;1.57;0.64
1833;9;834.40;14.01;1107.00;1.57;0.40
1960;9;349.04;10.15;1885.00;1.57;0.40
2043;9;827.68;9.80;846.00;1.57;0.48
2319;9;565.52;11.99;989.00;1.57;0.72
2672;9;597.60;10.23;970.00;1.57;0.60
2871;9;549.68;18.10;1370.00;1.57;0.32
2899;9;338.16;12.51;1909.00;1.57;0.64
3039;9;532.80;11.42;1003.00;1.57;0.80
3136;9;426.88;10.26;2120.00;1.57;0.64
3154;9;438.32;9.80;1168.00;1.57;0.52
3244;9;841.88;17.30;1070.00;1.57;0.68
3295;9;709.68;11.16;926.00;1.57;0.44
3342;9;327.24;10.67;1783.00;1.57;0.64
3349;9;391.32;10.14;1231.00;1.57;0.52
3485;9;709.40;13.39;2075.00;1.57;0.40
3622;9;561.80;12.87;1975.00;1.57;0.72
3631;9;362.88;11.22;1807.00;1.57;0.52
3636;9;409.80;10.11;2066.00;1.57;0.60
3703;9;634.08;11.52;1967.00;1.57;0.88
3844;9;549.96;10.20;1169.00;1.57;0.52
3934;9;512.72;13.82;2067.00;1.57;0.80
3984;9;542.32;22.68;1388.00;1.57;0.52
4030;9;287.00;10.62;1525.00;1.57;1.00
4131;9;423.68;10.37;1374.00;1.57;0.40
4174;9;342.68;12.67;1627.00;1.57;0.48
4352;9;318.08;12.93;2153.00;1.57;0.60
4468;9;542.32;17.23;1412.00;1.57;0.52
4555;9;369.88;12.30;1784.00;1.57;0.76
4611;9;510.60;12.55;2037.00;1.57;0.60
4646;9;701.16;12.56;2004.00;1.57;0.76
4668;9;563.76;10.20;1159.00;1.57;0.36
4733;9;402.96;10.32;2038.00;1.57;0.52
5014;9;409.28;10.05;2130.00;1.57;0.48
5144;9;432.24;13.18;1144.00;1.57;0.64
5313;9;395.68;9.50;2151.00;1.57;0.32
5326;9;495.08;9.90;1227.00;1.57;0.60
5381;9;524.24;9.88;1183.00;1.57;0.52
5412;9;716.04;14.71;978.00;1.57;0.44
5534;9;330.60;10.65;1708.00;1.57;0.60
5720;9;372.80;13.67;1651.00;1.57;0.80
5897;9;609.52;11.54;1116.00;1.57;0.64
5994;9;862.32;13.80;1050.00;1.57;0.52
6156;9;323.08;11.69;1850.00;1.57;0.64
6177;9;329.96;10.60;1812.00;1.57;0.56
6235;9;505.88;11.50;1985.00;1.57;0.68
6629;9;389.20;10.00;1903.00;1.57;0.36
6683;9;421.96;9.95;1190.00;1.57;0.52
6698;9;824.96;16.79;1133.00;1.57;0.56
6829;9;356.60;11.07;1964.00;1.57;0.60
6845;9;310.44;10.53;1948.00;1.57;0.64
6849;9;426.24;9.80;1327.00;1.57;0.64
7233;9;419.52;10.40;2058.00;1.57;0.44
7239;9;356.76;11.42;2030.00;1.57;0.36
7240;9;387.32;10.15;2040.00;1.57;0.52
7261;9;689.24;13.27;2094.00;1.57;0.44
7272;9;714.76;13.15;2093.00;1.57;0.36
7341;9;358.96;9.95;1899.00;1.57;0.56
7347;9;333.40;12.58;1883.00;1.57;0.40
7361;9;419.96;13.43;1887.00;1.57;0.52
7363;9;343.04;9.87;1871.00;1.57;0.36
7445;9;349.24;10.58;1770.00;1.57;0.48
7454;9;459.24;14.37;1795.00;1.57;0.64
7589;9;282.24;10.76;1583.00;1.57;0.64
7607;9;365.36;18.06;1616.00;1.57;0.52
7942;9;425.72;10.72;1427.00;1.57;0.92
8286;9;448.24;9.80;1281.00;1.57;0.44
8304;9;420.76;10.78;1259.00;1.57;0.36
8374;9;409.76;11.56;1219.00;1.57;0.36
8390;9;421.40;9.80;1220.00;1.57;0.40
8399;9;480.76;9.80;1232.00;1.57;0.28
8427;9;437.40;11.17;1195.00;1.57;0.40
8449;9;502.60;9.90;1210.00;1.57;0.56
8596;9;520.80;11.36;1123.00;1.57;0.80
8609;9;562.68;10.00;1134.00;1.57;0.48
8616;9;579.12;10.20;1133.00;1.57;0.32
8635;9;559.96;10.00;1109.00;1.57;0.56
8746;9;672.52;17.45;1082.00;1.57;0.52
8760;9;809.52;15.00;1110.00;1.57;0.60
8790;9;849.32;14.24;1105.00;1.57;0.52
8824;9;855.96;14.47;1084.00;1.57;0.56
9224;9;1020.68;11.70;924.00;1.57;0.48
196;10;396.84;12.03;1924.00;-1.57;0.76
381;10;497.48;15.20;2031.00;-1.57;0.56
598;10;552.60;16.59;1357.00;-1.57;0.40
656;10;378.24;9.92;2031.00;-1.57;0.36
815;10;425.20;12.01;2160.00;-1.57;0.40
987;10;698.40;13.01;2077.00;-1.57;0.60
991;10;793.04;10.43;920.00;-1.57;0.56
995;10;586.44;11.70;1949.00;-1.57;0.76
1057;10;573.92;11.67;2049.00;-1.57;0.68
1132;10;527.40;10.13;998.00;-1.57;0.60
1204;10;479.96;9.90;1244.00;-1.57;0.44
1227;10;452.56;14.80;1789.00;-1.57;0.80
1283;10;443.16;13.36;2654.00;-1.57;1.24
1317;10;382.32;10.10;1274.00;-1.57;0.48
1671;10;864.64;15.04;1137.00;-1.57;0.84
1672;10;731.76;12.95;1019.00;-1.57;0.64
1833;10;841.60;13.49;1107.00;-1.57;0.40
1960;10;356.96;10.00;1885.00;-1.57;0.40
2043;10;836.32;9.80;846.00;-1.57;0.48
2319;10;578.48;13.49;989.00;-1.57;0.72
2672;10;608.40;10.01;970.00;-1.57;0.60
2871;10;558.32;17.86;1370.00;-1.57;0.32
2899;10;351.84;10.00;1909.00;-1.57;0.64
3039;10;547.20;11.84;1003.00;-1.57;0.80
3136;10;439.12;13.25;2120.00;-1.57;0.64
3154;10;447.68;10.57;1168.00;-1.57;0.52
3244;10;854.12;15.40;1070.00;-1.57;0.68
3295;10;718.32;12.82;926.00;-1.57;0.44
3342;10;338.76;10.30;1783.00;-1.57;0.64
3349;10;400.68;10.61;1231.00;-1.57;0.52
3485;10;716.60;13.85;2075.00;-1.57;0.40
3622;10;576.20;10.50;1975.00;-1.57;0.72
3631;10;375.12;11.18;1807.00;-1.57;0.52
3636;10;424.20;10.44;2066.00;-1.57;0.60
3703;10;649.92;11.71;1967.00;-1.57;0.88
3844;10;560.04;10.14;1169.00;-1.57;0.52
3934;10;529.28;11.26;2067.00;-1.57;0.80
3984;10;551.68;17.10;1388.00;-1.57;0.52
4030;10;305.00;13.82;1525.00;-1.57;1.00
4131;10;432.32;9.80;1374.00;-1.57;0.40
4174;10;351.32;13.86;1627.00;-1.57;0.48
4352;10;333.92;11.70;2153.00;-1.57;0.60
4468;10;551.68;17.41;1412.00;-1.57;0.52
4555;10;400.12;13.35;1784.00;-1.57;0.76
4611;10;521.40;13.77;2037.00;-1.57;0.60
4646;10;714.84;13.55;2004.00;-1.57;0.76
4668;10;570.24;10.25;1159.00;-1.57;0.36
4733;10;413.04;10.51;2038.00;-1.57;0.52
5014;10;428.72;10.52;2130.00;-1.57;0.48
5144;10;443.76;11.46;1144.00;-1.57;0.64
5313;10;404.32;9.80;2151.00;-1.57;0.32
5326;10;510.92;10.14;1227.00;-1.57;0.60
5381;10;535.76;10.00;1183.00;-1.57;0.52
5412;10;723.96;14.30;978.00;-1.57;0.44
5534;10;341.40;11.35;1708.00;-1.57;0.60
5720;10;387.20;14.05;1651.00;-1.57;0.80
5897;10;622.48;14.61;1116.00;-1.57;0.64
5994;10;871.68;13.96;1050.00;-1.57;0.52
6156;10;338.92;10.30;1850.00;-1.57;0.64
6177;10;340.04;10.14;1812.00;-1.57;0.56
6235;10;518.12;11.00;1985.00;-1.57;0.68
6629;10;410.80;13.00;1903.00;-1.57;0.36
6683;10;432.04;10.34;1190.00;-1.57;0.52
6698;10;835.04;13.10;1133.00;-1.57;0.56
6829;10;367.40;9.89;1964.00;-1.57;0.60
6845;10;325.56;12.61;1948.00;-1.57;0.64
6849;10;437.76;9.80;1327.00;-1.57;0.64
7233;10;432.48;11.98;2058.00;-1.57;0.44
7239;10;363.24;9.99;2030.00;-1.57;0.36
7240;10;396.68;10.01;2040.00;-1.57;0.52
7261;10;700.76;12.50;2094.00;-1.57;0.44
7272;10;721.24;13.40;2093.00;-1.57;0.36
7341;10;369.04;10.04;1899.00;-1.57;0.56
7347;10;340.60;10.35;1883.00;-1.57;0.40
7361;10;430.04;14.91;1887.00;-1.57;0.52
7363;10;350.96;9.90;1871.00;-1.57;0.36
7445;10;360.76;11.11;1770.00;-1.57;0.48
7454;10;470.76;14.11;1795.00;-1.57;0.64
7589;10;293.76;12.12;1583.00;-1.57;0.64
7607;10;382.64;16.07;1616.00;-1.57;0.52
7942;10;442.28;13.95;1427.00;-1.57;0.92
8286;10;459.76;9.80;1281.00;-1.57;0.44
8304;10;427.24;11.68;1259.00;-1.57;0.36
8374;10;416.24;10.01;1219.00;-1.57;0.36
8390;10;428.60;9.90;1220.00;-1.57;0.40
8399;10;487.24;9.88;1232.00;-1.57;0.28
8427;10;444.60;10.04;1195.00;-1.57;0.40
8449;10;513.40;9.90;1210.00;-1.57;0.56
8596;10;535.20;10.36;1123.00;-1.57;0.80
8609;10;571.32;10.00;1134.00;-1.57;0.48
8616;10;584.88;10.16;1133.00;-1.57;0.32
8635;10;570.04;9.95;1109.00;-1.57;0.56
8746;10;685.48;13.24;1082.00;-1.57;0.52
8760;10;822.48;16.82;1110.00;-1.57;0.60
8790;10;858.68;12.66;1105.00;-1.57;0.52
8824;10;866.04;12.13;1084.00;-1.57;0.56
9224;10;1029.32;11.91;924.00;-1.57;0.48
656;19;371.00;9.60;2040.00;-2.98;0.36
815;19;402.00;9.82;2158.00;-1.63;0.40
1132;19;524.00;9.82;981.00;0.44;0.60
1317;19;387.00;10.10;1273.00;-4.59;0.48
2319;19;586.00;9.50;974.00;-0.21;0.72
2672;19;593.00;10.23;970.00;-0.51;0.60
3039;19;544.00;10.88;983.00;0.26;0.80
3136;19;417.00;9.50;2115.00;-1.27;0.64
3154;19;436.00;9.53;1169.00;-1.95;0.52
3349;19;394.00;9.53;1244.00;-1.85;0.52
3636;19;404.00;9.50;2065.00;-1.17;0.60
4030;19;285.00;9.60;1553.00;-2.59;1.00
4352;19;335.00;9.90;2140.00;1.11;0.60
5014;19;413.00;9.50;2117.00;-1.44;0.48
5144;19;431.00;9.95;1158.00;-2.63;0.64
5313;19;391.00;9.93;2155.00;-1.95;0.32
6683;19;430.00;10.03;1185.00;-0.20;0.52
6829;19;348.00;9.50;1958.00;-1.48;0.60
6845;19;311.00;9.55;1952.00;-2.52;0.64
7239;19;364.00;9.50;2039.00;-3.93;0.36
7240;19;388.00;9.57;2043.00;-3.14;0.52
7589;19;280.00;10.10;1583.00;-1.25;0.64
8374;19;412.00;9.80;1227.00;-3.14;0.36
656;20;370.28;9.60;2041.59;3.56;0.36
815;20;400.26;9.82;2157.78;-1.44;0.40
1132;20;524.20;9.82;979.26;0.11;0.60
1317;20;388.73;10.10;1272.80;1.46;0.48
2319;20;587.19;9.50;972.72;0.75;0.72
2672;20;591.25;10.23;970.00;4.71;0.60
3039;20;544.34;10.88;981.28;0.19;0.80
3136;20;415.33;9.50;2114.47;-1.26;0.64
3154;20;434.26;9.53;1169.24;4.57;0.52
3349;20;393.73;9.53;1245.73;3.29;0.52
3636;20;402.25;9.50;2064.86;-1.49;0.60
4030;20;284.36;9.60;1554.62;3.51;1.00
4352;20;335.99;9.90;2138.56;0.60;0.60
5014;20;412.26;9.50;2115.41;-0.43;0.48
5144;20;430.21;9.95;1159.56;3.60;0.64
5313;20;389.40;9.93;2155.71;4.29;0.32
6683;20;430.90;10.03;1183.49;0.54;0.52
6829;20;346.39;9.50;1957.31;-1.16;0.60
6845;20;309.48;9.55;1952.86;4.19;0.64
7239;20;364.71;9.50;2040.59;2.72;0.36
7240;20;386.60;9.57;2044.05;4.06;0.52
7589;20;278.25;10.10;1583.00;4.71;0.64
8374;20;411.78;9.80;1228.73;3.26;0.36
196;21;380.87;10.20;1916.10;-1.57;0.76
381;21;487.91;12.60;2044.26;-1.57;0.56
598;21;552.69;16.60;1352.73;-1.57;0.40
656;21;373.13;10.00;2028.38;-1.57;0.36
815;21;411.18;9.80;2155.30;-1.57;0.40
987;21;702.38;12.90;2082.35;-1.57;0.60
991;21;785.31;9.80;918.07;-1.57;0.56
995;21;592.22;10.70;1961.14;-1.57;0.76
1057;21;571.99;12.10;2056.31;-1.57;0.68
1132;21;523.45;9.80;995.83;-1.57;0.60
1204;21;479.02;9.90;1246.15;-1.57;0.44
1227;21;456.35;15.30;1780.71;-1.57;0.80
1283;21;426.11;12.90;2627.42;-1.57;1.24
1317;21;382.32;10.10;1274.00;-1.57;0.48
1671;21;845.78;12.70;1129.81;-1.57;0.84
1672;21;731.76;12.95;1019.00;-1.57;0.64
1833;21;839.90;13.00;1113.03;-1.57;0.40
1960;21;358.90;11.20;1884.91;-1.57;0.40
2043;21;829.02;9.80;842.71;-1.57;0.48
2319;21;569.48;12.60;978.90;-1.57;0.72
2672;21;603.00;9.80;962.05;-1.57;0.60
2871;21;552.26;17.30;1374.25;-1.57;0.32
2899;21;350.50;10.00;1903.56;-1.57;0.64
3039;21;523.48;10.00;1019.57;-1.57;0.80
3136;21;421.47;10.30;2115.20;-1.57;0.64
3154;21;444.07;9.80;1163.96;-1.57;0.52
3244;21;854.12;15.40;1070.00;-1.57;0.68
3295;21;715.30;11.70;933.26;-1.57;0.44
3342;21;342.26;10.30;1782.21;-1.57;0.64
3349;21;400.68;10.61;1231.00;-1.57;0.52
3485;21;713.23;12.70;2083.87;-1.57;0.40
3622;21;583.41;10.40;1968.69;-1.57;0.72
3631;21;358.89;10.30;1818.40;-1.57;0.52
3636;21;410.80;9.80;2062.99;-1.57;0.60
3703;21;641.46;11.20;1950.26;-1.57;0.88
3844;21;556.35;10.20;1173.32;-1.57;0.52
3934;21;526.00;11.50;2064.42;-1.57;0.80
3984;21;550.35;16.40;1396.83;-1.57;0.52
4030;21;279.06;9.90;1503.90;-1.57;1.00
4131;21;435.77;9.80;1368.85;-1.57;0.40
4174;21;356.60;11.80;1637.02;-1.57;0.48
4352;21;347.37;9.80;2151.52;-1.57;0.60
4468;21;550.52;17.10;1406.14;-1.57;0.52
4555;21;352.77;10.40;1782.30;-1.57;0.76
4611;21;511.60;12.00;2029.25;-1.57;0.60
4646;21;713.65;13.50;2007.57;-1.57;0.76
4668;21;567.61;10.20;1156.65;-1.57;0.36
4733;21;405.83;10.00;2044.33;-1.57;0.52
5014;21;417.55;9.80;2120.02;-1.57;0.48
5144;21;425.85;10.40;1155.30;-1.57;0.64
5313;21;408.60;9.80;2152.63;-1.57;0.32
5326;21;503.71;10.00;1222.69;-1.57;0.60
5376;21;387.86;10.70;1487.20;0.00;1.00
5381;21;535.42;10.20;1187.91;-1.57;0.52
5412;21;718.25;14.00;983.05;-1.57;0.44
5534;21;327.13;10.70;1709.99;-1.57;0.60
5720;21;361.25;11.80;1634.04;-1.57;0.80
5897;21;604.18;10.40;1114.63;-1.57;0.64
5994;21;873.74;11.70;1036.76;-1.57;0.52
6156;21;350.07;10.40;1855.53;-1.57;0.64
6177;21;337.37;11.20;1822.98;-1.57;0.56
6235;21;509.51;11.80;1994.55;-1.57;0.68
6629;21;388.22;10.20;1903.54;-1.57;0.36
6683;21;419.75;10.70;1189.81;-1.57;0.52
6698;21;834.19;13.40;1127.73;-1.57;0.56
6829;21;359.81;10.40;1957.77;-1.57;0.60
6845;21;303.17;9.80;1955.96;-1.57;0.64
6849;21;428.83;9.80;1330.78;-1.57;0.64
7233;21;411.99;9.90;2054.56;-1.57;0.44
7239;21;366.08;10.00;2030.69;-1.57;0.36
7240;21;397.10;10.30;2046.47;-1.57;0.52
7261;21;701.85;12.70;2089.12;-1.57;0.44
7272;21;718.76;13.20;2087.84;-1.57;0.36
7341;21;369.04;10.04;1899.00;-1.57;0.56
7347;21;341.94;10.20;1877.78;-1.57;0.40
7361;21;430.04;14.91;1887.00;-1.57;0.52
7363;21;344.75;9.90;1876.19;-1.57;0.36
7445;21;346.18;10.40;1778.48;-1.57;0.48
7454;21;463.28;14.00;1797.32;-1.57;0.64
7589;21;276.75;9.80;1586.54;-1.57;0.64
7607;21;368.90;15.10;1622.16;-1.57;0.52
7942;21;423.79;10.00;1419.34;-1.57;0.92
8286;21;459.67;9.80;1277.82;-1.57;0.44
8304;21;419.71;11.50;1267.54;-1.57;0.36
8374;21;413.29;9.90;1221.91;-1.57;0.36
8390;21;424.24;9.80;1220.06;-1.57;0.40
8399;21;488.46;9.80;1234.59;-1.57;0.28
8427;21;443.29;10.20;1196.60;-1.57;0.40
8449;21;512.15;10.00;1215.77;-1.57;0.56
8596;21;523.09;11.20;1120.37;-1.57;0.80
8609;21;565.27;10.00;1136.16;-1.57;0.48
8616;21;584.88;10.20;1136.17;-1.57;0.32
8635;21;572.69;10.00;1113.58;-1.57;0.56
8746;21;689.11;13.10;1078.80;-1.57;0.52
8760;21;828.52;15.20;1118.01;-1.57;0.60
8790;21;852.44;13.10;1112.01;-1.57;0.52
8824;21;866.04;12.13;1084.00;-1.57;0.56
9224;21;1025.24;11.60;916.87;-1.57;0.48
