
state={
	id=1
	name="STATE_1"

	history={
		owner = BCO
		add_core_of = BCO
		victory_points = { 1283 5 }
		buildings = {
			infrastructure = 4
			air_base = 1

		}

	}

	provinces={
		12 100 211 237 373 411 480 573 624 790 958 1008 1015 1091 1162 1186 1283 1370 1435 1463 1493 1503 1594 1730 1812 1884 2065 2079 2438 2467 2497 2724 2766 2984 3196 3266 3274 3428 3447 3484 3702 3755 3867 4036 4248 4293 4317 5090 5296 5409 5697 6053 6126 6167 6489 6510 6822 6932 6953 6963 6967 6971 6974 6975 6985 6989 7003 
	}
	manpower= 112290
	buildings_max_level_factor=1.000
	state_category=rural
}
