state={
	id=150
	name="STATE_150"

	history={
		owner = MXC
		add_core_of = MXC
		buildings = {
			infrastructure = 1

		}

	}

	provinces={
		89 101 144 305 392 555 919 982 1147 1586 1637 1816 1868 1972 2105 2380 2537 2582 3252 3323 3610 3747 3799 3834 3943 3947 3949 4007 4115 4213 4224 4368 4411 4465 4517 4619 4696 4704 4760 4831 4939 5064 5070 5153 5333 5540 5875 6343 6582 6701 6839 9288 9323 9352 9363 9395 9419 9436 9451 9463 9523 9528 9570 9579 9600 9658 9709 9765 9830 
	}
	manpower=42000
	buildings_max_level_factor=1.000
	state_category=rural
}
