state={
	id=152
	name="STATE_152"

	history={
		owner = SON
		add_core_of = SON
		buildings = {
			infrastructure = 2
			arms_factory = 1
			industrial_complex = 2

		}

	}

	provinces={
		15 45 108 146 168 183 246 297 361 644 743 850 854 990 1113 1142 1345 1368 1509 1513 1597 1599 1655 1698 1774 1883 1913 1988 2196 2216 2243 2244 2302 2392 2401 2436 2452 2494 2502 2694 2729 2801 2837 2967 2990 2993 2994 3051 3060 3125 3151 3216 3425 3427 3431 3673 3699 3818 3851 4004 4051 4059 4163 4187 4425 4629 4735 4870 4930 4933 4974 5025 5084 5319 5340 5402 5761 5808 5811 6020 6052 6113 6128 6192 6487 6740 6796 6830 6866 6882 9355 9379 9406 9422 9539 9556 9597 9614 9634 9639 9640 9646 9653 9662 9686 9713 9739 9766 9787 9812 9820 9831 9845 9872 9919 9928 9937 9940 9942 9946 9948 9953 9974 9991 9999 10010 10016 10024 10026 10036 
	}
	manpower=655552
	buildings_max_level_factor=1.000
	state_category=city
}
