
state={
	id=154
	name="STATE_154"
	provinces={
		9 61 207 214 229 235 268 414 425 431 461 477 533 549 604 642 691 739 766 810 895 901 907 1017 1032 1067 1069 1235 1293 1360 1476 1543 1553 1554 1596 1803 1835 1866 1900 1922 1978 2013 2018 2035 2227 2292 2321 2448 2473 2608 2628 2673 2722 2730 2778 2853 2876 2887 2933 3188 3247 3312 3325 3822 3903 3905 3950 4013 4076 4100 4119 4340 4345 4379 4607 4647 4686 4941 4950 4966 5036 5125 5174 5255 5341 5391 5451 5472 5537 5553 5617 5629 5929 6135 6173 6213 6352 6400 6402 6527 6630 9629 9643 9657 9669 9676 9698 9723 9816 9823 9873 9878 9889 9893 9899 9906 9909 9920 9922 9927 9944 9957 9958 9964 9971 9972 9973 9979 9982 9984 9988 9989 9992 9994 10007 10009 10013 10014 10017 10023 10035 10044 10045 10047 10048 10050 10055 10058 
	}
	history={
		owner = MXC
		add_core_of = MXC 
		buildings = {
			infrastructure = 2
			arms_factory = 0
			industrial_complex = 0
		}
	}
	manpower=99831
	buildings_max_level_factor=1.000
	state_category = city
}
