
state={
	id=156
	name="STATE_156"

	history={
		owner = MXC
		add_core_of = MXC
		buildings = {
			infrastructure = 5
			arms_factory = 1
			industrial_complex = 2
			air_base = 6

		}

	}

	provinces={
		81 208 244 395 933 955 1103 1141 1279 1411 1488 1687 1928 2023 2024 2442 2489 2532 2542 2613 2789 2916 2944 3037 3156 3204 3210 3230 3239 3356 3555 3668 3690 3807 3885 3900 4191 4314 4318 4394 4568 4707 4742 4825 4888 5196 5435 5446 5460 5507 5541 5675 5794 5978 6019 6058 6394 6484 6517 6628 6725 10068 10076 10081 10084 10090 10091 10098 10101 10108 10113 10117 10119 10123 10124 10133 10135 10165 10177 10187 10198 10199 
	}
	manpower=151521
	buildings_max_level_factor=1.000
	state_category=city
	local_supplies=0.000
}
