
state={
	id=158
	name="STATE_158"
	provinces={
		1 93 116 149 238 239 274 457 482 491 636 676 733 831 975 994 1034 1240 1251 1407 1452 1500 1814 1948 2032 2103 2176 2231 2343 2444 2639 2796 3065 3083 3098 3175 3190 3238 3373 3720 3764 3836 3956 4112 4288 4301 4305 4441 4558 4840 4906 4929 4934 5013 5159 5178 5264 5265 5388 5399 5506 5582 5671 5763 5792 5872 5930 6074 6080 6092 6161 6372 6448 6491 6536 6761 6784 10060 10062 10063 10069 10070 10073 10082 10083 10086 10093 10094 10096 10100 10105 10106 10109 10110 10115 10118 10120 10121 10122 10125 10126 10130 10131 10132 10134 10137 10142 10143 10146 10151 10156 10161 10170 10176 10193 
	}
	history={
		owner = MXC
		add_core_of = MXC
		buildings = {
			infrastructure = 6
			arms_factory = 1
			industrial_complex = 2
			air_base = 1
		}
	}
	manpower=208046
	buildings_max_level_factor=1.000
	state_category = city
}