state={
	id=159
	name="STATE_159"

	history={
		victory_points = { 4838 10 }
		buildings = {	
			infrastructure = 1
		}

	}

	provinces={
		82 208 890 965 1141 1199 1237 1556 1687 1727 2326 2406 2442 2511 2781 2789 2925 3191 3230 3281 3293 3628 3690 3718 3900 3912 4145 4191 4318 4394 4742 4838 5430 5446 5507 5541 5675 5822 6019 6140 6484 6725 6908 10107 10123 10133 10140 10141 10152 10153 10165 10168 10177 10181 10187 10191 10198 10199 10207 
	}
	manpower=101779
	buildings_max_level_factor=1.000
	state_category=rural
}
