state={
	id=173
	name="STATE_173"

	history={
		owner = ONT
		add_core_of = MAN
		buildings = {
			infrastructure = 3

		}

	}

	provinces={
		109 140 280 528 541 610 665 731 749 776 779 795 940 1007 1110 1468 1565 1842 1936 2097 2411 2437 2454 2460 2475 2657 2832 2885 2898 2970 3465 3850 3896 4173 4331 4400 4609 5861 6136 7012 7016 7028 7052 7070 7075 7079 7097 7138 7148 7163 12675 12680 12698 12701 12715 12719 12725 
	}
	manpower=22436
	buildings_max_level_factor=1.000
	state_category=rural
}
