state={
	id=194
	name="STATE_194"
	provinces={
		76 90 356 524 674 686 710 951 1039 1354 1536 1561 1956 1989 2197 2413 2481 2558 2931 2948 3034 3077 3203 3249 3286 3371 3476 3569 3773 3810 3876 4006 4083 4280 4513 4768 5048 5058 5142 5216 5331 5544 5554 5727 5738 5825 5859 6245 6490 6556 6728 6814 6847 7841 7844 7850 7873 7880 7890 7896 7904 7907 7918 7923 7930 7936 7945 7948 7954 7972 7977 7991 8014 8015 8037 8081 8128 8132 
	}
	history={
		owner = IOA
		add_core_of = IOA
		buildings = {
			infrastructure = 1
			industrial_complex = 1
			arms_factory = 1
		}	
	}
	manpower=211055
	buildings_max_level_factor=1.000
	state_category=rural
}
