state={
	id=199
	name="STATE_199"
	provinces={
		33 50 105 293 350 759 804 1131 1170 1391 1408 1606 1670 1701 1751 1785 1852 2098 2138 2149 2205 2206 2241 2280 2405 2457 2482 2552 2669 2714 2942 3123 3189 3262 3303 3410 3525 3726 3739 3779 3868 3922 3967 4060 4156 4225 4279 4297 4369 4693 4717 5022 5091 5130 5173 5306 5401 5543 5666 5677 5751 5812 5910 5968 5995 6227 6246 6308 6445 6607 6670 6696 6704 6706 6734 6755 6850 6852 6923 8676 8695 8706 8714 8720 8722 8725 8733 8734 8738 8743 8756 8769 8774 8776 8788 8791 8810 8815 8816 8829 8837 8838 8840 8845 8850 8852 8855 8856 8859 8861 8863 8869 8870 8876 8888 8892 8895 8897 8902 8909 8919 8937 8938 8941 9004 
	}
	history={
		owner = MIS
		add_core_of = MIS
		buildings = {
			infrastructure = 4
			industrial_complex = 2
			arms_factory = 2
		}
	}
	manpower=955000
	buildings_max_level_factor=1.000
	state_category=town
}