state={
	id=213
	name="STATE_213"
	provinces={
		44 133 200 570 683 1247 1330 1872 1992 2336 2456 2588 2685 2808 2922 2961 3022 3129 3491 3512 3561 3570 3704 3988 4025 4065 4074 4087 4103 4164 4222 4510 4755 4851 5002 5045 5083 5096 5344 5441 5642 5943 5975 6311 6535 6800 6844 6895 6900 7586 7601 7608 7622 7623 7624 7649 7650 7653 7684 7691 7700 7701 7702 7711 7715 7728 7733 7741 7750 7770 7777 7793 7797 7811 7818 7826 7838 7851 
	}
	history={
		owner = WIS
		add_core_of = WIS
		buildings = {
			infrastructure = 1
		}
	}

	resources = {
		steel = 85
	}

	manpower=20000
	buildings_max_level_factor=1.000
	state_category=town
}
