
state={
	id=313
	name="STATE_313"
	provinces={
		201 682 758 828 942 1545 1587 1615 1659 1870 1909 2353 2603 3654 3738 3803 3808 3825 3891 3992 4139 4212 4371 4551 4579 4732 4914 4922 5111 5131 5411 5453 5462 5567 5679 5840 5921 5947 6168 6193 6339 6387 6392 6470 6473 6508 6526 6571 6578 6644 6688 6689 6846 6918 9308 9326 9345 9351 9354 9384 9386 9404 9405 9410 9412 9431 9449 9450 9452 9454 9462 9468 9472 9478 9481 9492 9535 9567 9573 9592 9596 9621 9627 9649 9664 9670 9682 9683 9692 9701 
	}
	history={
		owner = GEO
		add_core_of = GEO
		buildings = {
			infrastructure = 2
			industrial_complex = 1
			arms_factory = 1
		}
	}
	manpower=726885
	buildings_max_level_factor=1.000
	state_category=large_town
}

