
state={
	id=320
	name="STATE_320"
	provinces={
		58 103 282 377 593 765 829 961 1046 1122 1413 1618 2221 2242 2301 2307 2545 2562 2601 2667 2846 2891 2977 3084 3549 3696 3700 3813 3929 4153 4193 4372 4547 4959 5221 5303 5623 5634 5718 5728 5735 5789 5948 6292 6310 6380 6436 6613 6631 6708 6768 6792 6915 8691 8702 8708 8724 8735 8736 8755 8770 8795 8802 8843 8846 8849 8882 8907 8916 8949 8954 8967 8968 8995 8996 9003 9021 9032 9033 9046 9053 9064 9068 9076 
	}
	history={
		owner = NCA
		add_core_of = NCA
		buildings = {
			infrastructure = 1
			industrial_complex = 1
			arms_factory = 1
			dockyard = 2
			air_base = 3
			}
		}
	manpower=797843
	buildings_max_level_factor=1.000
	state_category=town
}