state={
	id=325
	name="STATE_325"
	provinces={
		75 886 1033 1305 1323 1837 1894 3571 3853 3874 3914 3935 3954 4071 4549 4610 4725 4744 4823 4886 5021 5056 5118 5449 5584 5614 5622 5672 5687 5898 5998 6190 6207 6344 6521 6584 6654 6666 6673 6746 6764 8878 8885 8886 8889 8893 8898 8903 8913 8915 8920 8923 8930 8947 8976 8977 9009 9011 9029 9041 9042 9083 9086 9102 9105 9127 9128 9138 9147 9148 9155 9169 
	}
	history={
		owner = TEN
		add_core_of = TEN
		victory_points = {4549 15}
		buildings = {
			infrastructure = 3
			industrial_complex = 2
			arms_factory = 1
		}
	}
	manpower=10000
	buildings_max_level_factor=1.000
	state_category=large_city
}