state={
	id=327
	name="STATE_327"
	provinces={
		25 48 102 135 174 187 188 248 267 359 412 439 611 673 968 1268 1578 1607 1617 1658 1677 1682 1726 1838 1857 1914 1975 2071 2137 2140 2238 2247 2403 2424 2674 2703 2725 2833 3004 3243 3261 3279 3401 3461 3612 3657 3723 3809 3857 3882 4034 4262 4263 4289 4404 4427 4630 4808 4986 5037 5047 5489 5691 6103 6567 6596 6609 6634 6723 6736 6762 6783 6897 6914 6943 6944 6947 6951 6956 6959 6960 6962 6966 6979 6984 6993 7002 7031 7038 12718 
	}
	history={
		owner = NFL
		add_core_of = NFL
		buildings = {
			infrastructure = 0
			arms_factory = 2
			}
		}
	manpower=40000
	buildings_max_level_factor=1.000
	state_category=rural
}
