state={
	id=339
	name="STATE_339"
	provinces={
		30 34 127 130 147 199 205 217 234 319 471 554 601 607 669 702 715 784 821 894 903 927 1248 1353 1378 1398 1501 1523 1550 1559 1585 1635 1662 1748 1918 1959 2053 2203 2229 2337 2509 2569 2697 2734 2831 2858 3115 3148 3276 3497 3508 3606 3695 4066 4226 4508 4536 4666 4784 4975 5169 5299 5317 5335 5354 5539 5620 6002 6031 6137 6407 6440 6665 6948 6949 6950 6980 7008 7010 7013 7015 7018 7019 7030 7037 7041 7092 7135 
	}
	history={
		owner = QUB
		add_core_of = QUB
		buildings = {
			infrastructure = 4
			arms_factory = 1
			air_base = 2 
		}
	}
	manpower=95200
	buildings_max_level_factor=1.000
	state_category=rural
}
