state={
	id=340
	name="STATE_340"

	history={
		owner = QUB
		add_core_of = QUB
		buildings = {
			infrastructure = 0

		}

	}

	provinces={
		13 26 150 184 186 192 245 269 503 513 532 537 551 619 668 679 689 736 825 888 896 921 932 963 986 988 1029 1121 1221 1254 1299 1328 1337 1492 1495 1519 1520 1530 1541 1600 1621 1650 1737 1754 1780 1794 1819 1822 1869 1876 1945 2182 2185 2228 2357 2373 2378 2450 2451 2479 2547 2561 2818 2850 2861 2878 2964 3029 3088 3152 3472 3528 3629 3682 3827 3958 3991 4080 4127 4246 4253 4300 4409 4416 4614 4807 4836 4889 5197 5240 5321 5419 5445 5546 5573 5958 6014 6297 6307 6383 6390 6463 6660 6661 6691 6808 6986 6988 6995 7005 7017 7022 7025 7027 7032 7036 7039 7040 7043 7057 7059 7067 7069 7086 7093 7115 7126 7127 7154 7155 12707 12738 12740 
	}
	manpower=95200
	buildings_max_level_factor=1.000
	state_category=rural
}
