state={
	id=341
	name="STATE_341"
	provinces={
		27 68 266 321 370 384 450 454 465 473 677 719 720 960 1035 1040 1098 1125 1275 1316 1497 1549 1771 1880 1977 1983 2010 2021 2031 2123 2167 2183 2426 2536 2624 2655 2866 2954 3167 3232 3368 4161 4681 4818 4903 4925 5752 5821 5838 5855 6023 6032 6082 6351 6368 6562 6824 7080 7089 7103 7112 7121 7129 7133 7149 7166 7234 7262 12743 
	}
	history={
		owner = QUB
		add_core_of = QUB
		buildings = {
			infrastructure = 0
		}
	}
	manpower=95200
	buildings_max_level_factor=1.000
	state_category=rural
}
