state={
	id=342
	name="STATE_342"
	provinces={
		54 70 134 179 226 261 294 352 357 408 484 529 599 631 651 694 869 892 900 947 997 1159 1256 1380 1390 1437 1588 1690 1778 1783 1792 1810 2019 2114 2254 2447 2476 2514 2551 2666 2756 3257 3313 3400 3473 3486 3716 3754 3782 3904 4028 4047 4069 4137 4260 4284 4374 4432 4435 4575 4615 5145 5498 5505 5732 5742 5806 6205 6735 6831 7185 7195 7199 7221 7225 7263 7303 7313 7327 7343 7356 7367 7372 7384 7393 
	}
	history={
		owner = QUB
		add_core_of = QUB
		buildings = {
			infrastructure = 0
			industrial_complex = 1
			air_base = 5
		}
	}
	manpower=95200
	buildings_max_level_factor=1.000
	state_category=large_city
}