
state={
	id=7
	name="STATE_7"
	provinces={
		17 178 190 191 264 312 544 808 847 878 946 981 1195 1308 1381 1438 1515 1560 1772 1802 1830 1886 1964 1991 2152 2236 2391 2423 2435 2658 2662 2785 3209 3213 3582 3833 3881 4108 4275 4290 4672 4741 4843 4920 5122 5127 5552 5692 5795 5842 5945 6202 6417 6563 6693 6738 6806 6807 7061 7062 7085 7095 7104 7107 7114 7132 7136 7145 7152 7161 7168 7179 7190 
	}
	history={
		owner = BCO
		add_core_of = BCO
		buildings = {
			infrastructure = 4
			air_base = 1
		}
	}
	manpower= 58476
	buildings_max_level_factor=1.000
	state_category=rural
}
	